SLoepID,DistrictDescription,DistrictName,RegionName,DistrictHQ,1996Voters,2002Voters,2007Voters,2012Voters,2018Voters,2023Voters,1996Population,2002Population,2007Population,2012Population,2018Population,2023Population,Geolocation,GeolocationGeometry,MapImage,2012Winner,2018Winner,2023Winner,SwingDistrict,WinningPartyColor
62,"Bo, also commonly referred to as Bo Town, is the second largest city in Sierra Leone by landscape/geographical location (after Freetown) and the largest city in the Southern Province. Bo is the capital and administrative centre of Bo District. The city of Bo had a population of 149,957 in the 2004 census and had a population of about 233,684 based on 2017 estimate. Bo is an urban centre, and lies approximately 160 miles (250 km) east-southeast of Freetown, and about 40 miles (71 km) to Kenema. Bo is the leading financial, educational and economic centre of southern Sierra Leone.The city of Bo is one of Sierra Leone's six municipalities and is locally governed by a directly elected city council, known as the Bo City Council, headed by a mayor. The Mayor and members of the Bo City Council are directly elected every four years in a municipal election. The current mayor of Bo is Harold Logie Tucker of the Sierra Leone People's Party, who was elected mayor with 69.7% of the votes in the 2012 Bo Mayoral election.",Bo,South,Bo,182262,282067,240287,249342,284347,317585,,,,,,,"POINT (-11.739323 7.960107)","POLYGON ((-11.759271 8.410834, -11.762471 8.400834, -11.764771 8.395334, -11.770071 8.389034, -11.774871 8.386434, -11.783871 8.384634, -11.795171 8.381134, -11.802771 8.377734, -11.811271 8.373134, -11.816571 8.368634, -11.821071 8.363434, -11.822971 8.360134, -11.826171 8.351034, -11.820371 8.343734, -11.817871 8.339734, -11.814671 8.330934, -11.814371 8.327534, -11.815871 8.321934, -11.820571 8.316434, -11.826771 8.312634, -11.831771 8.307934, -11.833771 8.303534, -11.833871 8.299634, -11.829771 8.293634, -11.811771 8.276634, -11.804171 8.268334, -11.802471 8.264734, -11.801371 8.255834, -11.802271 8.240834, -11.805871 8.226034, -11.810471 8.211334, -11.811971 8.205334, -11.812471 8.196834, -11.811971 8.185434, -11.810471 8.180234, -11.805671 8.171934, -11.796471 8.158734, -11.789371 8.151134, -11.789271 8.143734, -11.799771 8.145234, -11.807471 8.149234, -11.816071 8.151034, -11.833171 8.151634, -11.843571 8.154234, -11.849271 8.154834, -11.857671 8.153134, -11.862271 8.149734, -11.868271 8.142534, -11.873671 8.131634, -11.876971 8.122934, -11.884871 8.115134, -11.888971 8.109834, -11.895671 8.095934, -11.898671 8.081134, -11.901971 8.074534, -11.903871 8.068934, -11.903571 8.060834, -11.900371 8.054134, -11.891271 8.045434, -11.873471 8.034034, -11.862471 8.025534, -11.856071 8.022334, -11.849671 8.020134, -11.841771 8.014834, -11.829371 8.003734, -11.827771 7.995134, -11.821271 7.987334, -11.816971 7.975434, -11.823471 7.977134, -11.828671 7.979834, -11.836071 7.979734, -11.843071 7.978634, -11.854171 7.973834, -11.862671 7.972334, -11.868571 7.972634, -11.873571 7.974434, -11.878571 7.978134, -11.890371 7.980934, -11.900471 7.985934, -11.917571 7.992534, -11.923371 7.997434, -11.930371 8.000634, -11.943271 7.999734, -11.950471 8.001334, -11.959671 8.001134, -11.971271 7.998434, -11.972571 7.995734, -11.975971 7.992634, -11.979871 7.991234, -11.997771 7.990334, -12.009771 7.987634, -12.029971 7.986834, -12.042071 7.984134, -12.056071 7.983234, -12.060571 7.982434, -12.069271 7.978534, -12.071828 7.977028, -12.083871 7.969934, -12.101571 7.963734, -12.112571 7.959134, -12.116571 7.958034, -12.131371 7.956534, -12.136871 7.954134, -12.141771 7.949134, -12.142871 7.944834, -12.142971 7.938834, -12.138571 7.937034, -12.135271 7.934334, -12.132371 7.930234, -12.131171 7.923834, -12.131371 7.915334, -12.133071 7.910534, -12.140071 7.903634, -12.143571 7.899434, -12.147371 7.892134, -12.148271 7.887834, -12.147171 7.881234, -12.139771 7.867534, -12.138671 7.863434, -12.138171 7.856134, -12.138271 7.845734, -12.140371 7.830834, -12.139571 7.826634, -12.135971 7.821934, -12.134771 7.818434, -12.134371 7.813034, -12.135171 7.803634, -12.132271 7.782434, -12.133771 7.771734, -12.133771 7.765834, -12.132571 7.758534, -12.130571 7.755334, -12.124371 7.749134, -12.122771 7.745334, -12.121971 7.739234, -12.122171 7.723434, -12.120971 7.714734, -12.118671 7.710834, -12.112771 7.707834, -12.102071 7.707634, -12.092471 7.708134, -12.080871 7.709834, -12.073371 7.707134, -12.071828 7.706363, -12.064571 7.702734, -12.059171 7.698334, -12.051371 7.690634, -12.045871 7.675934, -12.041371 7.667434, -12.038071 7.656134, -12.035171 7.649734, -12.032671 7.646934, -12.025671 7.642034, -12.016971 7.635034, -12.007971 7.630834, -12.003671 7.629934, -11.993271 7.630134, -11.993404 7.61722, -11.993471 7.610734, -11.994471 7.600434, -11.986771 7.584534, -11.984571 7.574234, -11.981071 7.560734, -11.977271 7.549634, -11.971571 7.541734, -11.965771 7.537934, -11.962871 7.537134, -11.952471 7.536134, -11.946871 7.534634, -11.939471 7.530634, -11.933671 7.529334, -11.924571 7.529034, -11.916971 7.529634, -11.905371 7.533334, -11.901571 7.535434, -11.893071 7.536934, -11.885971 7.536034, -11.882871 7.534034, -11.873071 7.522634, -11.869971 7.517634, -11.868871 7.513234, -11.867971 7.504334, -11.866471 7.498734, -11.863171 7.492034, -11.860471 7.483534, -11.847871 7.489134, -11.845171 7.491234, -11.837771 7.503234, -11.829271 7.514634, -11.823671 7.519834, -11.821071 7.526934, -11.824571 7.544634, -11.829471 7.554834, -11.830971 7.559234, -11.831071 7.564034, -11.827471 7.569634, -11.821571 7.573034, -11.805171 7.580434, -11.798071 7.581434, -11.788571 7.580534, -11.781571 7.578134, -11.773271 7.578534, -11.769171 7.582934, -11.768971 7.587434, -11.771771 7.597134, -11.771771 7.602734, -11.770071 7.607734, -11.767771 7.610434, -11.762671 7.613834, -11.756471 7.620234, -11.755461 7.623796, -11.754571 7.626934, -11.756271 7.633934, -11.756771 7.639334, -11.754871 7.646434, -11.748471 7.653634, -11.736971 7.659334, -11.723171 7.659834, -11.721771 7.654634, -11.716871 7.641034, -11.719271 7.631734, -11.719593 7.624776, -11.720071 7.614434, -11.722671 7.605934, -11.726071 7.601334, -11.738671 7.588634, -11.740771 7.584934, -11.741371 7.580934, -11.738371 7.575534, -11.730971 7.571534, -11.727171 7.568134, -11.713571 7.571134, -11.707771 7.573134, -11.706829 7.573283, -11.702071 7.574034, -11.693571 7.573134, -11.685971 7.569534, -11.680671 7.564334, -11.669871 7.547934, -11.665971 7.543834, -11.653671 7.535434, -11.645371 7.532934, -11.636571 7.532834, -11.629471 7.534134, -11.617771 7.542334, -11.610771 7.549634, -11.603771 7.552934, -11.601071 7.555234, -11.598771 7.559034, -11.594671 7.568734, -11.590971 7.581034, -11.586071 7.587634, -11.581671 7.591034, -11.566071 7.596834, -11.558871 7.596334, -11.553971 7.596834, -11.548471 7.601034, -11.547071 7.606934, -11.547171 7.616634, -11.548271 7.628034, -11.54863 7.629406, -11.551171 7.639134, -11.551371 7.643634, -11.549071 7.650534, -11.546071 7.653634, -11.541171 7.656434, -11.535871 7.657634, -11.521071 7.665134, -11.511371 7.672834, -11.498771 7.680134, -11.490171 7.687034, -11.482871 7.692134, -11.474371 7.699234, -11.464371 7.703934, -11.457771 7.704034, -11.453871 7.702634, -11.447671 7.697134, -11.441071 7.688534, -11.437771 7.686734, -11.434371 7.686634, -11.431471 7.687734, -11.425571 7.692734, -11.427771 7.696934, -11.428271 7.699834, -11.428471 7.704234, -11.428071 7.708634, -11.426971 7.712534, -11.419871 7.725034, -11.418471 7.728634, -11.417771 7.732634, -11.417371 7.740934, -11.416871 7.745034, -11.414671 7.754434, -11.413371 7.762334, -11.411171 7.769534, -11.410571 7.775034, -11.411071 7.781134, -11.412871 7.786934, -11.417071 7.795434, -11.424271 7.808034, -11.425271 7.812834, -11.433571 7.816034, -11.438271 7.815734, -11.441871 7.814334, -11.448871 7.809734, -11.459171 7.805334, -11.474271 7.802534, -11.473171 7.808934, -11.471371 7.822734, -11.471571 7.829534, -11.472471 7.835134, -11.474371 7.842034, -11.474971 7.846134, -11.475071 7.851434, -11.474271 7.855434, -11.472671 7.859134, -11.466971 7.866834, -11.460771 7.878334, -11.454071 7.888334, -11.448971 7.893534, -11.438871 7.900334, -11.419971 7.910134, -11.396471 7.925734, -11.387871 7.932734, -11.379371 7.938734, -11.368871 7.948634, -11.364471 7.952234, -11.351671 7.960434, -11.347671 7.970834, -11.343371 7.984234, -11.342071 7.990534, -11.341771 7.997634, -11.341971 8.018134, -11.342971 8.028134, -11.345571 8.037534, -11.347371 8.049634, -11.346971 8.060234, -11.349771 8.072034, -11.351571 8.081934, -11.350371 8.091034, -11.350871 8.101234, -11.352471 8.107134, -11.357371 8.121834, -11.358871 8.128634, -11.362271 8.140734, -11.365671 8.147534, -11.373571 8.156434, -11.370471 8.162634, -11.366971 8.174934, -11.366471 8.183534, -11.383171 8.194734, -11.394771 8.204534, -11.404771 8.208534, -11.410871 8.211834, -11.414071 8.215334, -11.418271 8.227234, -11.425771 8.242234, -11.428071 8.245234, -11.434771 8.251034, -11.446571 8.256734, -11.454071 8.260834, -11.460371 8.266634, -11.465471 8.273934, -11.473471 8.283434, -11.475471 8.287134, -11.479471 8.301834, -11.480571 8.317134, -11.483771 8.325134, -11.486971 8.329334, -11.494571 8.336734, -11.511371 8.337534, -11.515971 8.338134, -11.527771 8.341934, -11.536071 8.345134, -11.539771 8.348934, -11.543771 8.356234, -11.550571 8.375134, -11.557371 8.387734, -11.558771 8.392734, -11.558871 8.396834, -11.557071 8.404734, -11.556871 8.412134, -11.558171 8.418534, -11.556471 8.429534, -11.557971 8.436534, -11.562171 8.440034, -11.573771 8.445634, -11.580371 8.450534, -11.583671 8.454934, -11.586271 8.460434, -11.589771 8.471734, -11.591371 8.487534, -11.609471 8.486334, -11.652671 8.486434, -11.667371 8.485534, -11.676471 8.483234, -11.688871 8.482034, -11.698371 8.480334, -11.710271 8.487034, -11.717471 8.481934, -11.728071 8.470834, -11.730771 8.464534, -11.734871 8.448634, -11.738671 8.440034, -11.743371 8.431634, -11.754371 8.419434, -11.759271 8.410834))",/sites/default/files/open-data/district-photos/2023-04/bo-clock-tower.jpg,SLPP,SLPP,,No,009900
55,"Bombali is a district in the Northern Province of Sierra Leone. Its capital and largest city is Makeni, which is also the largest city in the north. The Bombali district is one of the sixteen districts of Sierra Leone. Bombali is one of the largest districts in Sierra Leone by geographical area, after Koinadugu district, and is the second most populous district in the Northern part of Sierra Leone, after Port Loko district. In the 2015 Sierra Leone national census, the population of Bombali district was 606,183. Other major towns in Bombali District include Kamabai, Karina and Binkolo.The district of Bombali occupies a total area of 7,985 km2 (3,083 sq mi) and comprises thirteen chiefdoms. The district borders Karene District to the north, Port Loko District, Tonkolili District to the south, and Koinadugu District to the east.",Bombali,North,Makeni,170978,195525,205426,222514,187664,206250,,,,,,,"POINT (-12.050972 8.889564)","POLYGON ((-11.960471 9.504434, -11.9654846 9.3759025, -12.1192932 9.304083, -12.2044373 9.1088767, -12.3294067 9.0505651, -12.445371 9.099734, -12.4598694 9.0709074, -12.541271 9.052834, -12.565782 9.026247, -12.522271 8.997634, -12.47692 8.991793, -12.449271 8.934634, -12.412371 8.928734, -12.338171 8.875834, -12.324871 8.882734, -12.327971 8.853834, -12.306871 8.815134, -12.326271 8.750034, -12.336771 8.724934, -12.308771 8.712334, -12.293571 8.756534, -12.281971 8.755934, -12.242171 8.734834, -12.227671 8.710434, -12.190071 8.716734, -12.150471 8.638034, -12.085171 8.676634, -12.0835876 8.7032141, -12.012071 8.677034, -11.986371 8.705534, -11.909971 8.749334, -11.887871 8.801234, -11.889171 8.856934, -11.873771 8.889134, -11.885871 8.909234, -11.877571 8.940134, -11.886671 8.968234, -11.855071 8.992334, -11.836319 8.997736, -11.816671 9.017034, -11.791171 9.018834, -11.769571 9.053934, -11.756871 9.075934, -11.790771 9.078634, -11.821671 9.098634, -11.825771 9.140134, -11.812771 9.179334, -11.809071 9.203234, -11.823671 9.324434, -11.821171 9.378434, -11.833771 9.413034, -11.853471 9.433134, -11.867371 9.448034, -11.871071 9.486434, -11.882371 9.516834, -11.898071 9.525434, -11.943171 9.517234, -11.960471 9.504434))",/sites/default/files/open-data/district-photos/2023-04/makeni-clock-tower.jpg,APC,APC,,No,FF333C
63,"Bonthe District is a district that comprises several islands and mainland of the Atlantic Ocean in the Southern Province of Sierra Leone. Bonthe is one of the sixteen districts of Sierra Leone. Its capital is the town of Bonthe Island and its largest city is Bonthe, on Sherbro Island. As of the 2015 census, the district had a population of 200,730. Bonthe District is one of the sixteen districts of Sierra Leone. Bonthe District is subdivided into eleven chiefdoms.The District occupies a total area of 3,468 km². The District of Bonthe borders the Atlantic Ocean to the west, Moyamba District to the northwest, Bo District to the southeast and Pujehun District to the south. The fifth and current President of Sierra Leone Julius Maada Bio is from Bonthe District.Bonthe district is largely made up of two main ethnic groups; the Sherbro and Mende. Bonthe district is the native home of the Sherbro people who make up a large minority of the district population. Bonthe district has a large population of both Muslims and Christians.Bonthe District has one of the world's largest deposits of titanium ore (rutile) in the world. Sierra Rutile Limited, owned by a consortium of US and European investors, began commercial mining operations in Bonthe in early 1979. Due to poor mining policy, the region has little to show for this huge economic potential.",Bonthe,South,Bonthe,27153,71050,72678,75925,92183,107532,,,,,,,"POINT (-12.173636 7.603594)","POLYGON ((-11.993271 7.630134, -11.999171 7.629834, -12.003671 7.629934, -12.007971 7.630834, -12.016971 7.635034, -12.025671 7.642034, -12.032671 7.646934, -12.035171 7.649734, -12.036871 7.652834, -12.038071 7.656134, -12.039771 7.662934, -12.041371 7.667434, -12.045871 7.675934, -12.051371 7.690634, -12.059171 7.698334, -12.064571 7.702734, -12.071828 7.706363, -12.073371 7.707134, -12.080871 7.709834, -12.085971 7.699734, -12.090571 7.691534, -12.092771 7.688534, -12.099171 7.680634, -12.105971 7.668234, -12.109171 7.664334, -12.111971 7.661734, -12.117671 7.657934, -12.122871 7.653534, -12.128571 7.655134, -12.141771 7.656834, -12.152971 7.661034, -12.156271 7.661734, -12.159571 7.661334, -12.170271 7.656934, -12.173771 7.656134, -12.181071 7.655634, -12.185371 7.656034, -12.188271 7.656734, -12.194871 7.659734, -12.198271 7.661934, -12.209371 7.671734, -12.215771 7.676034, -12.221071 7.680934, -12.224609 7.685486, -12.226685 7.692078, -12.229187 7.698486, -12.232788 7.703125, -12.237183 7.707275, -12.242187 7.71051, -12.252197 7.713074, -12.258484 7.717285, -12.265381 7.724487, -12.267395 7.728271, -12.269471 7.733734, -12.278671 7.738634, -12.281671 7.742334, -12.282671 7.747434, -12.280471 7.757934, -12.280171 7.761834, -12.280571 7.765834, -12.282671 7.774034, -12.283471 7.783634, -12.284485 7.78772, -12.287292 7.79187, -12.290588 7.793518, -12.298096 7.795105, -12.302795 7.796509, -12.316471 7.797634, -12.320871 7.798534, -12.327471 7.801434, -12.333689 7.804692, -12.339071 7.806834, -12.342471 7.807034, -12.347071 7.804934, -12.350041 7.801635, -12.351379 7.80011, -12.356384 7.791504, -12.360771 7.788234, -12.364271 7.786834, -12.376671 7.784734, -12.380371 7.782634, -12.384071 7.778534, -12.386171 7.774634, -12.388671 7.767734, -12.390448 7.765676, -12.394592 7.765076, -12.407288 7.76947, -12.416382 7.770874, -12.420288 7.772888, -12.424682 7.762513, -12.429181 7.754124, -12.436584 7.746277, -12.44458 7.741882, -12.448071 7.741534, -12.457071 7.741834, -12.470171 7.744334, -12.481384 7.748718, -12.494385 7.751282, -12.498779 7.750488, -12.504089 7.748108, -12.514587 7.739685, -12.520813 7.735107, -12.52478 7.731079, -12.529071 7.724634, -12.532288 7.72168, -12.535882 7.71973, -12.552671 7.713534, -12.558271 7.708534, -12.565471 7.703134, -12.569171 7.701134, -12.580688 7.697083, -12.586771 7.696334, -12.592771 7.696334, -12.596771 7.697334, -12.595398 7.694519, -12.585693 7.687927, -12.581528 7.685972, -12.55486 7.679027, -12.54764 7.677361, -12.54764 7.669306, -12.545418 7.666806, -12.544027 7.66264, -12.542083 7.659584, -12.540971 7.655695, -12.537639 7.650973, -12.535417 7.648751, -12.526528 7.647083, -12.524028 7.647639, -12.519027 7.645139, -12.512917 7.636806, -12.509861 7.635694, -12.507361 7.63764, -12.500416 7.634028, -12.49986 7.630971, -12.497084 7.628471, -12.494028 7.627361, -12.490139 7.627083, -12.484027 7.622083, -12.479585 7.615416, -12.476528 7.614306, -12.474584 7.603749, -12.474584 7.603524, -12.474584 7.600139, -12.473194 7.599583, -12.472084 7.593195, -12.470418 7.590973, -12.470138 7.587362, -12.469028 7.58625, -12.467084 7.576527, -12.467084 7.571527, -12.469028 7.571805, -12.469028 7.567917, -12.465418 7.567639, -12.464583 7.566529, -12.46875 7.566805, -12.469584 7.563194, -12.468472 7.559306, -12.467084 7.559028, -12.46514 7.555416, -12.462639 7.552916, -12.460695 7.553194, -12.456805 7.546249, -12.454861 7.541805, -12.44375 7.520971, -12.44264 7.519583, -12.444862 7.517083, -12.445972 7.513473, -12.447638 7.513473, -12.451251 7.510973, -12.454861 7.509307, -12.458473 7.504306, -12.459029 7.500972, -12.460417 7.499306, -12.462361 7.490417, -12.464305 7.485695, -12.470138 7.479028, -12.470972 7.475138, -12.475138 7.470693, -12.47736 7.467083, -12.479585 7.462083, -12.481251 7.462083, -12.488471 7.452638, -12.489861 7.449584, -12.489305 7.446528, -12.484305 7.444306, -12.481251 7.442083, -12.479585 7.439305, -12.476528 7.436527, -12.475416 7.433195, -12.469306 7.427916, -12.462917 7.423472, -12.460139 7.423194, -12.460139 7.407639, -12.469584 7.406805, -12.477916 7.406805, -12.485973 7.40236, -12.487639 7.40236, -12.488751 7.400416, -12.490974 7.400416, -12.493193 7.397638, -12.497638 7.394584, -12.497916 7.393194, -12.500694 7.390418, -12.506529 7.390694, -12.515695 7.388749, -12.519027 7.386805, -12.524028 7.385139, -12.52264 7.383749, -12.509861 7.383749, -12.50375 7.382917, -12.49986 7.382917, -12.497638 7.382083, -12.49264 7.381805, -12.488749 7.380973, -12.481527 7.380417, -12.470138 7.377361, -12.465418 7.377083, -12.457917 7.374582, -12.453473 7.37375, -12.449582 7.372082, -12.44125 7.370416, -12.433195 7.36764, -12.421806 7.36514, -12.41986 7.36514, -12.414306 7.36264, -12.409583 7.361805, -12.405139 7.360139, -12.39125 7.356527, -12.384027 7.353473, -12.378195 7.352639, -12.375139 7.350973, -12.372917 7.350973, -12.370138 7.349029, -12.363472 7.347638, -12.359584 7.345694, -12.352083 7.34375, -12.346529 7.34125, -12.342916 7.340694, -12.341528 7.339584, -12.336806 7.338472, -12.333196 7.336528, -12.327083 7.33514, -12.320417 7.332917, -12.310138 7.328195, -12.306528 7.327361, -12.300139 7.324305, -12.294861 7.322917, -12.292917 7.321529, -12.287638 7.319306, -12.285972 7.319306, -12.282362 7.317362, -12.273751 7.314306, -12.257362 7.307362, -12.25375 7.306527, -12.238195 7.300139, -12.234306 7.298195, -12.223474 7.294582, -12.217917 7.291806, -12.212083 7.289862, -12.204306 7.286528, -12.192083 7.28264, -12.184585 7.279027, -12.179028 7.277639, -12.17125 7.274583, -12.167361 7.272361, -12.162639 7.271251, -12.158473 7.269029, -12.149306 7.26625, -12.142362 7.263194, -12.135417 7.26125, -12.134861 7.260416, -12.12375 7.256806, -12.123194 7.255972, -12.114861 7.253471, -12.110417 7.251249, -12.107917 7.250973, -12.102638 7.248195, -12.080971 7.23986, -12.072084 7.236806, -12.071828 7.23655, -12.070972 7.235694, -12.06736 7.23486, -12.064584 7.233194, -12.060415 7.231806, -12.059305 7.230694, -12.048194 7.227362, -12.04486 7.225417, -12.037918 7.223195, -12.023195 7.216805, -12.018194 7.215417, -12.01264 7.21236, -12.008749 7.211528, -11.995138 7.205972, -11.988472 7.20375, -11.979027 7.199305, -11.976527 7.199027, -11.974583 7.197361, -11.968195 7.195695, -11.962362 7.192917, -11.953749 7.189861, -11.952918 7.188751, -11.946871 7.186934, -11.944071 7.188934, -11.940371 7.190034, -11.934371 7.189834, -11.926871 7.187634, -11.922271 7.187034, -11.904671 7.186634, -11.895471 7.185534, -11.890871 7.183834, -11.882071 7.181234, -11.877571 7.180734, -11.874271 7.181434, -11.864571 7.185534, -11.860071 7.187034, -11.858571 7.194634, -11.856771 7.207034, -11.855171 7.210234, -11.851171 7.215034, -11.849271 7.218734, -11.848071 7.222934, -11.847871 7.226334, -11.849071 7.232634, -11.849071 7.237134, -11.858471 7.241634, -11.871271 7.245534, -11.877271 7.246134, -11.889371 7.246234, -11.895271 7.247334, -11.898971 7.249334, -11.902171 7.252034, -11.904871 7.255234, -11.906371 7.258434, -11.906771 7.263334, -11.905571 7.268134, -11.903071 7.272134, -11.900371 7.274634, -11.889171 7.280834, -11.886571 7.283134, -11.884671 7.286034, -11.881871 7.292734, -11.880371 7.301734, -11.879171 7.306334, -11.874671 7.321134, -11.871771 7.325034, -11.870371 7.330034, -11.877171 7.340834, -11.882871 7.348934, -11.884771 7.354634, -11.885171 7.358634, -11.884071 7.362534, -11.875871 7.377134, -11.875071 7.382234, -11.875371 7.386134, -11.877471 7.393334, -11.878571 7.406834, -11.880371 7.413934, -11.883571 7.417734, -11.886971 7.420034, -11.892971 7.422334, -11.895971 7.425234, -11.897271 7.428134, -11.897271 7.433334, -11.895971 7.437034, -11.888671 7.445434, -11.887171 7.450234, -11.886071 7.459434, -11.883971 7.463334, -11.880471 7.466234, -11.869371 7.471234, -11.866171 7.474334, -11.860471 7.483534, -11.863171 7.492034, -11.866471 7.498734, -11.867971 7.504334, -11.868871 7.513234, -11.869971 7.517634, -11.873071 7.522634, -11.882871 7.534034, -11.885971 7.536034, -11.893071 7.536934, -11.897371 7.536634, -11.901571 7.535434, -11.905371 7.533334, -11.912671 7.530634, -11.916971 7.529634, -11.924571 7.529034, -11.933671 7.529334, -11.939471 7.530634, -11.946871 7.534634, -11.952471 7.536134, -11.962871 7.537134, -11.965771 7.537934, -11.971571 7.541734, -11.975171 7.545934, -11.977271 7.549634, -11.981071 7.560734, -11.984571 7.574234, -11.986771 7.584534, -11.990271 7.591134, -11.994471 7.600434, -11.993471 7.610734, -11.993404 7.61722, -11.993271 7.630134, -12.590735 7.600138, -12.590417 7.600695, -12.589027 7.60875, -12.593195 7.609306, -12.596527 7.60764, -12.597083 7.604027, -12.595971 7.600139, -12.596012 7.599984, -12.597361 7.594861, -12.598749 7.593751, -12.602084 7.593751, -12.605416 7.594583, -12.606528 7.595973, -12.606528 7.599305, -12.60671 7.59967, -12.609028 7.604306, -12.61125 7.606528, -12.611528 7.608472, -12.614582 7.608194, -12.614304 7.603471, -12.615363 7.599416, -12.615973 7.597083, -12.617083 7.595139, -12.617083 7.58986, -12.620417 7.587084, -12.625139 7.587362, -12.626805 7.592917, -12.628472 7.592917, -12.630972 7.587638, -12.630972 7.591529, -12.629028 7.593751, -12.626805 7.593751, -12.625693 7.592639, -12.624861 7.588194, -12.620417 7.587916, -12.617917 7.590138, -12.617917 7.597361, -12.616251 7.599305, -12.616241 7.59939, -12.615973 7.601805, -12.618195 7.605418, -12.617639 7.60875, -12.614304 7.610416, -12.610416 7.609028, -12.607916 7.60514, -12.605138 7.602361, -12.603409 7.599767, -12.602916 7.599027, -12.602362 7.596805, -12.599583 7.595417, -12.598749 7.596805, -12.598749 7.599903, -12.598749 7.604862, -12.598193 7.607084, -12.594583 7.610694, -12.588473 7.614306, -12.577918 7.619029, -12.575694 7.619305, -12.57514 7.621527, -12.57986 7.627639, -12.58375 7.632084, -12.584306 7.634028, -12.590695 7.637916, -12.597083 7.637362, -12.604028 7.637916, -12.605416 7.63875, -12.609862 7.639306, -12.614029 7.639028, -12.623749 7.64125, -12.630694 7.64125, -12.635972 7.63986, -12.642083 7.639582, -12.646529 7.638472, -12.649583 7.637084, -12.659028 7.637084, -12.659584 7.63764, -12.665694 7.63764, -12.669026 7.637084, -12.674027 7.63375, -12.672361 7.63625, -12.673473 7.63764, -12.677917 7.63764, -12.680418 7.63875, -12.694304 7.63875, -12.697917 7.636806, -12.700139 7.636806, -12.704861 7.631528, -12.709306 7.628749, -12.717082 7.627639, -12.719306 7.625139, -12.723195 7.624027, -12.723473 7.622361, -12.720138 7.622917, -12.719585 7.622083, -12.724027 7.620695, -12.725417 7.622083, -12.724861 7.625695, -12.725417 7.628471, -12.728751 7.628471, -12.731249 7.627083, -12.735972 7.625695, -12.740694 7.625417, -12.742084 7.624583, -12.74736 7.624305, -12.751805 7.625417, -12.764306 7.625417, -12.76736 7.626805, -12.774582 7.627917, -12.783471 7.627917, -12.79375 7.629861, -12.797362 7.629861, -12.805417 7.626527, -12.805475 7.626469, -12.809305 7.622639, -12.809027 7.619305, -12.807639 7.619861, -12.805475 7.623322, -12.804861 7.624305, -12.801804 7.624027, -12.800138 7.622083, -12.79986 7.615416, -12.79875 7.614028, -12.795972 7.614028, -12.794306 7.612084, -12.794028 7.60875, -12.79486 7.605418, -12.792084 7.60514, -12.78764 7.607084, -12.786249 7.60625, -12.791806 7.604306, -12.794584 7.604306, -12.79625 7.605694, -12.79875 7.604306, -12.799584 7.60514, -12.796528 7.60625, -12.79625 7.611528, -12.801529 7.612084, -12.803473 7.612916, -12.803751 7.618195, -12.805475 7.617702, -12.809583 7.616529, -12.815696 7.617085, -12.815415 7.613472, -12.81625 7.610416, -12.81514 7.608472, -12.816806 7.607084, -12.819584 7.607084, -12.817362 7.608194, -12.817918 7.610694, -12.817084 7.61375, -12.818194 7.615416, -12.817638 7.618473, -12.815415 7.619583, -12.815415 7.621527, -12.819862 7.624305, -12.822638 7.624583, -12.827638 7.622083, -12.829029 7.620417, -12.836527 7.619861, -12.840971 7.618473, -12.844584 7.614306, -12.845418 7.61625, -12.84764 7.61736, -12.85125 7.61736, -12.853194 7.616529, -12.856526 7.616807, -12.857083 7.618473, -12.860139 7.619029, -12.862083 7.616807, -12.865693 7.616529, -12.869306 7.618473, -12.871528 7.618473, -12.873472 7.617085, -12.876528 7.616807, -12.880138 7.615416, -12.882638 7.613194, -12.885417 7.613194, -12.889027 7.610138, -12.890973 7.610416, -12.895696 7.60875, -12.896528 7.606806, -12.90236 7.605972, -12.905694 7.605972, -12.908472 7.604862, -12.910695 7.601527, -12.914583 7.600971, -12.916805 7.597361, -12.921805 7.591251, -12.918749 7.590416, -12.918745 7.59041, -12.917361 7.588472, -12.912917 7.584862, -12.90986 7.585138, -12.908472 7.582084, -12.902916 7.581806, -12.90014 7.580138, -12.897387 7.576249, -12.896249 7.572361, -12.890417 7.570695, -12.887917 7.568195, -12.886249 7.569305, -12.887361 7.571527, -12.883473 7.573195, -12.880694 7.573195, -12.879306 7.572083, -12.877916 7.568751, -12.874584 7.569305, -12.872362 7.571805, -12.869584 7.570695, -12.869306 7.566529, -12.87014 7.566529, -12.870694 7.570973, -12.872362 7.570973, -12.874028 7.567361, -12.878472 7.567917, -12.88125 7.572361, -12.883473 7.572361, -12.885139 7.570973, -12.885973 7.567639, -12.887639 7.566805, -12.890417 7.569305, -12.893471 7.569305, -12.896528 7.570417, -12.898472 7.572083, -12.900416 7.575696, -12.905138 7.576249, -12.90986 7.578472, -12.914583 7.579306, -12.920971 7.579306, -12.924028 7.576805, -12.927362 7.575417, -12.929862 7.575971, -12.940139 7.576249, -12.945417 7.579306, -12.947917 7.579584, -12.949027 7.578196, -12.953472 7.577362, -12.955416 7.574583, -12.957362 7.574305, -12.957084 7.569861, -12.952638 7.568473, -12.948471 7.569027, -12.939583 7.569027, -12.935138 7.567917, -12.930138 7.567917, -12.92764 7.566529, -12.924584 7.566805, -12.922362 7.565695, -12.914029 7.564582, -12.905416 7.561806, -12.90236 7.561528, -12.897084 7.559582, -12.890973 7.55875, -12.888473 7.557362, -12.881529 7.55625, -12.872362 7.553472, -12.860695 7.55125, -12.859305 7.550415, -12.84875 7.548474, -12.840139 7.545695, -12.835139 7.544861, -12.829307 7.543195, -12.825138 7.541251, -12.820694 7.540973, -12.819306 7.539861, -12.810417 7.538195, -12.807917 7.537082, -12.805475 7.536519, -12.800694 7.535416, -12.795694 7.533472, -12.787918 7.531806, -12.779305 7.52875, -12.770138 7.526806, -12.762084 7.523471, -12.750973 7.520971, -12.747085 7.519027, -12.744862 7.518749, -12.732639 7.514583, -12.726249 7.512917, -12.723751 7.511529, -12.714028 7.508472, -12.711806 7.508194, -12.706805 7.505972, -12.704583 7.505972, -12.695417 7.502638, -12.693194 7.502638, -12.68736 7.500138, -12.68264 7.499028, -12.68014 7.497362, -12.677917 7.497084, -12.673473 7.495139, -12.669307 7.494027, -12.659862 7.490139, -12.652639 7.486805, -12.641807 7.482638, -12.637916 7.481804, -12.637082 7.480694, -12.625971 7.475694, -12.617639 7.47264, -12.614029 7.470415, -12.607916 7.468196, -12.595417 7.461249, -12.590139 7.459029, -12.585416 7.455694, -12.580416 7.450972, -12.575972 7.445416, -12.573471 7.440693, -12.570417 7.436805, -12.570417 7.434583, -12.568751 7.437083, -12.567083 7.436251, -12.567083 7.433195, -12.564027 7.430695, -12.562917 7.427916, -12.562917 7.422084, -12.562361 7.418472, -12.563195 7.414027, -12.566805 7.410417, -12.565973 7.404305, -12.564027 7.400416, -12.564305 7.395416, -12.562639 7.392638, -12.559585 7.389306, -12.556528 7.389862, -12.549028 7.389862, -12.540139 7.390418, -12.536527 7.392084, -12.52875 7.393472, -12.530138 7.397362, -12.530972 7.402917, -12.529862 7.405417, -12.53125 7.408751, -12.533195 7.411249, -12.533751 7.414861, -12.534861 7.415971, -12.535695 7.420972, -12.535973 7.426528, -12.534861 7.42736, -12.533751 7.434583, -12.533751 7.441805, -12.53236 7.447084, -12.53236 7.45125, -12.531529 7.452638, -12.53125 7.458473, -12.530416 7.461249, -12.530138 7.467639, -12.528472 7.47125, -12.52625 7.47375, -12.517918 7.481804, -12.510139 7.486805, -12.507917 7.487361, -12.50014 7.494583, -12.500694 7.497362, -12.498472 7.496249, -12.495972 7.497084, -12.49514 7.500416, -12.49625 7.500972, -12.495694 7.507084, -12.498472 7.510417, -12.500416 7.513751, -12.499584 7.517083, -12.49986 7.527362, -12.500694 7.529028, -12.50125 7.53375, -12.503472 7.534584, -12.507082 7.539029, -12.509307 7.539305, -12.513749 7.547361, -12.515417 7.549027, -12.516249 7.551528, -12.515971 7.556806, -12.517083 7.559582, -12.519584 7.560972, -12.52736 7.561806, -12.530972 7.560694, -12.533473 7.559028, -12.537083 7.555416, -12.537361 7.553194, -12.539029 7.55125, -12.540417 7.546805, -12.543195 7.542917, -12.544861 7.543195, -12.552084 7.540695, -12.552916 7.539861, -12.554306 7.534306, -12.550694 7.533194, -12.552084 7.532084, -12.555138 7.53236, -12.555138 7.535972, -12.55625 7.537639, -12.556528 7.542361, -12.554028 7.544305, -12.553472 7.549583, -12.555694 7.550971, -12.558751 7.55125, -12.561251 7.550415, -12.564027 7.547639, -12.567639 7.546805, -12.569305 7.547639, -12.570139 7.552362, -12.570139 7.55764, -12.574584 7.560694, -12.574584 7.568195, -12.582362 7.575971, -12.583472 7.57875, -12.582638 7.585694, -12.588473 7.585694, -12.593195 7.587362, -12.595417 7.590973, -12.594305 7.596527, -12.591529 7.598749, -12.590735 7.600138))",/sites/default/files/open-data/district-photos/2023-04/bonthe-island-clock-tower.jpg,SLPP,SLPP,,No,009900
56,"Falaba District is a district in the Northern Province of Sierra Leone. It is one of the sixteen Districts of Sierra Leone. Its capital and largest town is Bendugu. Other towns in Falaba District include Falaba, Sikunia, Krubola, Musaia Ganya and Mansadu Falaba District is divided into thirteen chiefdoms. Falaba District is one of the largest Districts in Sierra Leone in land area, However, it is one of the least most populous districts in the country. Falaba District is known for its mostly conservative Muslim population.  Falaba District has a population of 205,353, based on 2018 estimate.In 2016, Falaba District was created out of Koinadugu District, and declared a newly created district by then Sierra Leone""s president Ernest Bai Koroma, and was ratified by the Parliament of Sierra Leone to officially become a district in the same year of 2016. Falaba District is one of the two newest districts created by the Government of Sierra Leone, along with Karene District. Falaba District borders Koinadugu District, Bombali District, and the Republic of Guinea.",Falaba,North,Falaba,,,,0,65761,69128,,,,,,,"POINT (-11.322613 9.852912)","POLYGON ((-11.734441 9.999919, -11.742271 9.995534, -11.731371 9.960234, -11.724371 9.917834, -11.7405373 9.8971114, -11.726491 9.8560957, -11.719571 9.832034, -11.7334652 9.8250192, -11.7307158 9.815134, -11.719971 9.815634, -11.7014362 9.8241376, -11.681871 9.802334, -11.677371 9.776034, -11.657871 9.743834, -11.611371 9.696834, -11.534571 9.667734, -11.525671 9.663434, -11.505971 9.652234, -11.487171 9.649734, -11.467171 9.635634, -11.4993594 9.6225432, -11.522371 9.598534, -11.544171 9.583434, -11.550671 9.568834, -11.544771 9.561534, -11.509471 9.532134, -11.489071 9.475434, -11.408171 9.494634, -11.334371 9.481234, -11.333171 9.460334, -11.339071 9.449534, -11.321871 9.443334, -11.266671 9.462634, -11.232671 9.376234, -11.192571 9.326534, -11.133671 9.315034, -11.0790326 9.3096948, -11.042471 9.303634, -11.0128435 9.2951883, -10.998171 9.283534, -11.064271 9.219334, -11.093671 9.191834, -11.108171 9.147134, -11.144671 9.100134, -11.077471 9.059034, -11.059171 9.059234, -11.046371 9.051634, -11.025971 9.041234, -11.005971 9.044934, -10.983171 9.044934, -10.969271 9.040734, -10.919771 8.982934, -10.895871 8.963734, -10.888271 8.947034, -10.8753659 8.9441407, -10.856871 8.926934, -10.825471 8.911834, -10.811771 8.917434, -10.790671 8.922034, -10.762371 8.925634, -10.734071 8.927134, -10.702371 8.931934, -10.711971 8.951834, -10.719271 8.969234, -10.712371 8.988334, -10.700271 8.999334, -10.681671 9.006834, -10.651771 9.026934, -10.634771 9.030734, -10.614371 9.040334, -10.596171 9.042134, -10.5750274 9.0498865, -10.5838582 9.0520671, -10.5891177 9.0599989, -10.6020496 9.065323, -10.6181331 9.0747662, -10.627554 9.0754213, -10.6391338 9.0791388, -10.6593471 9.0877783, -10.6694604 9.0887097, -10.6834465 9.0844291, -10.7034901 9.0816092, -10.7116699 9.0831123, -10.722417 9.0823062, -10.729931 9.079184, -10.7219402 9.0986476, -10.720002 9.1097408, -10.71454 9.143948, -10.70394 9.1595202, -10.7123701 9.1774781, -10.722063 9.180413, -10.710839 9.195343, -10.7062083 9.1845523, -10.6839792 9.1906776, -10.6529467 9.2066204, -10.6573366 9.2315402, -10.6698331 9.2433268, -10.67102 9.265866, -10.6553926 9.2815036, -10.6510098 9.2913583, -10.6570579 9.2983202, -10.6642031 9.3160316, -10.6918099 9.3316651, -10.706285 9.329714, -10.7004974 9.34325, -10.7085892 9.3534071, -10.714788 9.354618, -10.7198561 9.3794169, -10.7354369 9.3850439, -10.7549017 9.3871807, -10.765353 9.383754, -10.7767291 9.3878914, -10.78974 9.390013, -10.79923 9.390722, -10.816069 9.42569, -10.8393843 9.4544795, -10.844572 9.500706, -10.8150644 9.5181798, -10.85713 9.524603, -10.8641053 9.5655426, -10.911829 9.608605, -10.910446 9.6433967, -10.9155956 9.6643833, -10.9616075 9.6684444, -10.9646764 9.7083706, -10.9718894 9.7266454, -10.9890715 9.7550758, -11.038711 9.797739, -11.0394239 9.8178338, -11.0747547 9.8454271, -11.1014885 9.8627239, -11.122005 9.859424, -11.15259 9.877686, -11.16456 9.912578, -11.167101 9.944768, -11.180374 9.979999, -11.19469 9.991092, -11.2033081 10.0040152, -11.734441 9.999919))",/sites/default/files/open-data/district-photos/2023-04/falaba.jpeg,APC,APC,,Yes,FF333C
52,"Kailahun District is a district in the Eastern Province of Sierra Leone. It's capital and largest city is the town of Kailahun. The second most populous city in the district is Segbwema. Other major towns in Kailahun District include Koindu, Pendembu, and Daru. As of the 2015 census, the district had a population of 525,372. Kailahun District is subdivided into fourteen chiefdoms.The District of Kailahun borders Kenema District to the west, Kono District to the north, the Republic of Liberia to the east, and the Republic of Guinea to the north. The border of the district with Guinea is formed by a section of the Moa River. The total area of the district is 4,859 km2 (1,876 sq mi). The population of Kailahun District is largely from the Mende ethnic group, though there are other ethnic groups with a significant population in the district, including among them the Kissi, Mandingo, and the Fula.The major economic activities in the district are farming, diamond mining, and trade. The large majority of the people of Kailahun District are Muslims, though with a significant Christian minority.Kailahun District is a political stronghold of the Sierra Leone People's Party (SLPP), the current ruling party in Sierra Leone. From Sierra Leone""s Independence in 1961 to the present, the overwhelming majority of the people of Kailahun Districts support the Sierra Leone People's Party (SLPP). Kailahun District is the birthplace of former Sierra Leone's president Ahmad Tejan Kabbah, who was born in the town of Pendembu.",Kailahun,East,Kailahun,63044,119898,183821,147463,165753,193578,,,,,525372,525372,"POINT (-10.565964 8.282231)","POLYGON ((-11.034571 7.909634, -11.035971 7.903934, -11.041571 7.884834, -11.043171 7.881634, -11.048371 7.874634, -11.052571 7.867934, -11.046471 7.865834, -11.041071 7.865834, -11.032871 7.868834, -11.027971 7.871634, -11.020771 7.858734, -11.016971 7.851234, -11.013671 7.842534, -11.010571 7.836134, -10.998571 7.818834, -10.995771 7.812234, -10.994271 7.804034, -10.987971 7.800634, -10.976471 7.793134, -10.972771 7.789934, -10.968471 7.782734, -10.965771 7.774634, -10.964371 7.765734, -10.962071 7.761934, -10.958871 7.760534, -10.949871 7.760034, -10.941971 7.760734, -10.933271 7.762634, -10.923571 7.760934, -10.909071 7.759134, -10.907171 7.754634, -10.903171 7.742334, -10.894871 7.727834, -10.894571 7.723334, -10.895771 7.720134, -10.900371 7.713834, -10.908971 7.706834, -10.910871 7.703234, -10.909671 7.698334, -10.905871 7.695134, -10.901971 7.689034, -10.893971 7.680834, -10.889371 7.670734, -10.889371 7.663534, -10.891271 7.660634, -10.895271 7.658434, -10.898371 7.655234, -10.902402 7.646302, -10.903471 7.643934, -10.904271 7.638734, -10.903971 7.633434, -10.897571 7.632534, -10.894471 7.629934, -10.892371 7.625934, -10.888171 7.612634, -10.884871 7.607734, -10.880971 7.605434, -10.869971 7.602334, -10.863871 7.599334, -10.859171 7.598234, -10.849571 7.599934, -10.842271 7.600234, -10.834971 7.599834, -10.832171 7.599234, -10.826071 7.597334, -10.820071 7.596634, -10.809271 7.596734, -10.801671 7.597734, -10.800471 7.592334, -10.800171 7.587834, -10.797074 7.586553, -10.790581 7.588504, -10.787965 7.596274, -10.786016 7.598881, -10.784726 7.603387, -10.787324 7.607268, -10.785376 7.611154, -10.785989 7.615699, -10.776257 7.625422, -10.771074 7.633196, -10.767838 7.640309, -10.769773 7.644851, -10.767824 7.647456, -10.76623 7.645629, -10.765843 7.645186, -10.763936 7.643002, -10.763286 7.642258, -10.761507 7.645355, -10.760674 7.646805, -10.754818 7.650026, -10.753352 7.650832, -10.74772 7.653929, -10.746071 7.654759, -10.741224 7.6572, -10.743155 7.663032, -10.73926 7.670138, -10.734738 7.677251, -10.729525 7.679861, -10.726964 7.677922, -10.725013 7.682468, -10.720466 7.682475, -10.721115 7.688923, -10.718503 7.694131, -10.712669 7.696702, -10.713943 7.701905, -10.709432 7.702532, -10.709428 7.706415, -10.703593 7.707744, -10.703586 7.71163, -10.70164 7.713574, -10.700298 7.726508, -10.693841 7.730401, -10.690575 7.730406, -10.69057 7.733631, -10.685399 7.734957, -10.684107 7.736903, -10.678903 7.738189, -10.675006 7.74336, -10.670503 7.741425, -10.665288 7.744032, -10.664663 7.746638, -10.653616 7.751157, -10.654275 7.752477, -10.652324 7.757646, -10.650376 7.760251, -10.643265 7.758938, -10.641318 7.761543, -10.636104 7.764814, -10.621223 7.762851, -10.619655 7.76341, -10.601117 7.770024, -10.600225 7.931842, -10.599473 7.987542, -10.600741 7.995932, -10.598176 7.995934, -10.598787 8.003081, -10.600068 8.026383, -10.581903 8.034798, -10.573468 8.036749, -10.559221 8.049081, -10.530616 8.095728, -10.509846 8.128771, -10.494287 8.136559, -10.493003 8.136561, -10.49299 8.144331, -10.483278 8.141119, -10.477444 8.144349, -10.474836 8.146956, -10.469009 8.145021, -10.464453 8.150854, -10.457996 8.152805, -10.450229 8.149552, -10.444394 8.152821, -10.439186 8.152827, -10.433363 8.148292, -10.42924 8.150238, -10.423649 8.146361, -10.402934 8.145106, -10.395821 8.145737, -10.391937 8.14318, -10.388636 8.147672, -10.382461 8.144595, -10.378326 8.149024, -10.38415 8.152239, -10.380261 8.153527, -10.37765 8.158074, -10.371815 8.161306, -10.367266 8.161971, -10.363387 8.157431, -10.355 8.152278, -10.349174 8.149682, -10.345409 8.146774, -10.346571 8.149065, -10.338786 8.156182, -10.329719 8.163302, -10.323878 8.169796, -10.32192 8.178228, -10.319308 8.183397, -10.31475 8.18923, -10.306351 8.191842, -10.299199 8.191851, -10.292734 8.20091, -10.292718 8.210622, -10.289433 8.221616, -10.293971 8.227437, -10.293301 8.233265, -10.29524 8.237808, -10.301066 8.238459, -10.308172 8.264979, -10.311388 8.271461, -10.312038 8.27857, -10.305538 8.284404, -10.303587 8.28829, -10.293866 8.290907, -10.291915 8.295415, -10.291241 8.303843, -10.293171 8.31161, -10.291877 8.318719, -10.296419 8.321976, -10.296414 8.325201, -10.285367 8.330381, -10.282792 8.335589, -10.282783 8.341414, -10.284713 8.349182, -10.285132 8.349854, -10.287931 8.354342, -10.284034 8.360174, -10.280798 8.366665, -10.282724 8.377655, -10.278824 8.384768, -10.271676 8.390005, -10.274918 8.397085, -10.272964 8.402254, -10.268415 8.404202, -10.267745 8.41003, -10.265792 8.415858, -10.270335 8.420421, -10.270984 8.426221, -10.265753 8.439164, -10.267059 8.448873, -10.270934 8.456014, -10.267023 8.470897, -10.270234 8.47932, -10.268281 8.48515, -10.266669 8.487038, -10.2694 8.491587, -10.278179 8.490479, -10.28686 8.484799, -10.301959 8.488679, -10.321729 8.498944, -10.33141 8.502891, -10.34689 8.49607, -10.3534 8.491639, -10.363991 8.488141, -10.372699 8.487056, -10.385971 8.492884, -10.389599 8.487753, -10.3938 8.476059, -10.401451 8.465525, -10.408429 8.450168, -10.41724 8.440559, -10.425559 8.436001, -10.431339 8.429822, -10.44575 8.403471, -10.45269 8.395229, -10.46471 8.38839, -10.471441 8.376702, -10.48416 8.367568, -10.49043 8.355422, -10.503079 8.344112, -10.512169 8.335983, -10.52118 8.330967, -10.55354 8.307665, -10.560919 8.305163, -10.5676 8.307255, -10.579581 8.307986, -10.582341 8.311439, -10.586459 8.325987, -10.597101 8.332259, -10.619655 8.33369, -10.63328 8.334554, -10.65668 8.340904, -10.67399 8.340906, -10.687879 8.32258, -10.691379 8.307895, -10.69762 8.303323, -10.700179 8.293457, -10.700699 8.273252, -10.71408 8.270538, -10.718921 8.27101, -10.717049 8.278123, -10.712199 8.282471, -10.71629 8.304757, -10.701911 8.332957, -10.699787 8.347418, -10.69607 8.359575, -10.69191 8.363928, -10.67528 8.370991, -10.669279 8.375107, -10.66441 8.382209, -10.656559 8.385172, -10.653101 8.387916, -10.65214 8.400312, -10.653471 8.416161, -10.657131 8.424213, -10.651881 8.444627, -10.658671 8.439734, -10.668871 8.435534, -10.673471 8.434634, -10.684871 8.433534, -10.690671 8.430034, -10.697471 8.425034, -10.710171 8.417834, -10.714571 8.414234, -10.723871 8.405234, -10.727171 8.402634, -10.748471 8.391034, -10.752571 8.387134, -10.757771 8.380534, -10.770371 8.370934, -10.771771 8.377834, -10.773371 8.389334, -10.777171 8.395534, -10.781471 8.397134, -10.797271 8.398134, -10.803371 8.399834, -10.810671 8.400634, -10.821371 8.400834, -10.828371 8.402334, -10.832471 8.405134, -10.838271 8.413134, -10.844471 8.418734, -10.849671 8.421434, -10.856571 8.421834, -10.862871 8.418934, -10.868971 8.413034, -10.875471 8.397634, -10.876771 8.393034, -10.877671 8.385234, -10.879871 8.378634, -10.881871 8.376534, -10.886171 8.374834, -10.891871 8.374434, -10.901971 8.375334, -10.909471 8.377734, -10.920671 8.380434, -10.930871 8.370734, -10.939771 8.364234, -10.941971 8.361234, -10.944071 8.355834, -10.945571 8.346834, -10.946871 8.343334, -10.951771 8.334934, -10.961771 8.323734, -10.965871 8.316134, -10.968571 8.304834, -10.968971 8.300334, -10.968071 8.296034, -10.963771 8.287634, -10.958671 8.281034, -10.955471 8.273734, -10.954671 8.265934, -10.952671 8.257734, -10.949471 8.251634, -10.946771 8.249034, -10.935671 8.242734, -10.927271 8.234334, -10.921771 8.230634, -10.918771 8.234434, -10.914971 8.246034, -10.912571 8.251634, -10.907371 8.258734, -10.900871 8.265234, -10.896071 8.268834, -10.891871 8.270334, -10.884571 8.271034, -10.877271 8.270834, -10.873171 8.269934, -10.868071 8.267134, -10.865571 8.263734, -10.864771 8.260334, -10.865171 8.250034, -10.868071 8.241834, -10.876971 8.225234, -10.876571 8.216134, -10.880271 8.196534, -10.882571 8.191434, -10.888371 8.185134, -10.890371 8.177134, -10.890371 8.163634, -10.890971 8.159534, -10.893471 8.154334, -10.896171 8.152134, -10.902771 8.148834, -10.906171 8.145434, -10.908071 8.142034, -10.912371 8.126534, -10.915071 8.120134, -10.922671 8.107734, -10.926771 8.101734, -10.935071 8.097534, -10.941471 8.091634, -10.947371 8.081434, -10.950171 8.078134, -10.959771 8.072334, -10.962571 8.069334, -10.963871 8.064934, -10.964771 8.051334, -10.966471 8.045534, -10.969971 8.038034, -10.974171 8.030834, -10.980271 8.024634, -10.986471 8.016234, -10.992171 8.005634, -10.993071 8.001634, -10.993871 7.989234, -10.995771 7.982234, -11.000571 7.973534, -11.004871 7.968534, -11.013071 7.960134, -11.017371 7.954734, -11.022071 7.945134, -11.029671 7.935434, -11.034271 7.926834, -11.035071 7.919934, -11.034571 7.909634))",/sites/default/files/open-data/district-photos/2023-04/kailahun-court-barray.jpg,SLPP,SLPP,,No,009900
59,"Kambia District is a district in the North West Province of Sierra Leone. Its capital and largest city is the town of Kambia. As of the 2015 census, The District had a population of 343,686. Kambia District borders the Republic of Guinea to the north, Port Loko District to the south and Karene District to the east. The district provides an important Trade route to or from the Sierra Leonean capital Freetown to the Guinean capital Conakry.The district occupies a total area of 3,108 km2 (1,200 sq mi) and is divided into seven chiefdoms.Kambia district is overwhelmingly Muslim majority. The population of the district is ethnically diverse. Kambia District is home to the largest population of ethnic Susu in Sierra Leone. Most of the Susu people in Sierra Leone live in Kambia District. The Susu along with the Temne form one of the largest ethnic groups in the district.",Kambia,"North West, North",Kambia,98269,122339,134757,139035,155484,152549,,,,,,,"POINT (-12.916618 9.125241)","POLYGON ((-13.25014 8.954028, -13.246806 8.95125, -13.246346 8.949408, -13.245418 8.945695, -13.239305 8.946527, -13.237639 8.949306, -13.230138 8.948196, -13.225694 8.943751, -13.223194 8.943471, -13.22264 8.940973, -13.210971 8.93125, -13.209305 8.92875, -13.205973 8.927084, -13.202084 8.922362, -13.199582 8.916251, -13.197638 8.913749, -13.192084 8.911251, -13.187639 8.911527, -13.185139 8.909582, -13.174035 8.90879, -13.169584 8.908473, -13.16875 8.907638, -13.161249 8.907085, -13.157361 8.908194, -13.148472 8.893193, -13.14764 8.892639, -13.149028 8.884307, -13.150138 8.884307, -13.149585 8.891527, -13.154861 8.891527, -13.158473 8.890417, -13.160139 8.885695, -13.159583 8.884307, -13.14764 8.873194, -13.144584 8.869028, -13.144584 8.867083, -13.139862 8.862639, -13.135417 8.857083, -13.131251 8.856807, -13.130139 8.852638, -13.128473 8.852082, -13.128195 8.844028, -13.135417 8.840971, -13.143194 8.840971, -13.14986 8.84375, -13.159027 8.84375, -13.162361 8.844584, -13.170972 8.850416, -13.174035 8.850608, -13.175416 8.850694, -13.176807 8.848472, -13.174035 8.844976, -13.1702 8.840139, -13.168071 8.828934, -13.168871 8.825034, -13.170971 8.821734, -13.174035 8.81867, -13.177171 8.815534, -13.176971 8.811934, -13.174035 8.81057, -13.167071 8.807334, -13.162571 8.806134, -13.152071 8.805934, -13.146971 8.808734, -13.146771 8.813934, -13.151471 8.821334, -13.151471 8.827534, -13.149071 8.830034, -13.141771 8.831434, -13.121171 8.825934, -13.115771 8.826134, -13.103571 8.828534, -13.073171 8.828934, -13.068571 8.829334, -13.059571 8.831734, -13.046171 8.833134, -13.030271 8.836734, -13.013471 8.842334, -12.983671 8.845234, -12.975071 8.845534, -12.964371 8.844434, -12.955671 8.842334, -12.944671 8.840534, -12.931371 8.840134, -12.923171 8.842134, -12.910371 8.848534, -12.897571 8.852434, -12.892971 8.856734, -12.889971 8.860734, -12.884571 8.873734, -12.883772 8.881134, -12.883871 8.901334, -12.882871 8.911534, -12.879371 8.924034, -12.873371 8.935434, -12.863371 8.946734, -12.861071 8.950034, -12.857271 8.957434, -12.854737 8.963367, -12.853171 8.967034, -12.847671 8.976434, -12.840171 8.987634, -12.832371 8.997234, -12.820971 9.014734, -12.808871 9.027634, -12.805771 9.031934, -12.805475 9.032628, -12.803471 9.037334, -12.797971 9.054034, -12.796271 9.061034, -12.796371 9.072834, -12.798971 9.082134, -12.799771 9.093534, -12.799071 9.101434, -12.793771 9.101634, -12.782671 9.104034, -12.745271 9.104634, -12.737671 9.103834, -12.733671 9.099434, -12.733971 9.096034, -12.737771 9.091534, -12.745771 9.086034, -12.751871 9.077234, -12.756671 9.067834, -12.756971 9.062234, -12.755571 9.057834, -12.749871 9.049734, -12.742071 9.034934, -12.737371 9.022934, -12.732171 9.016334, -12.721771 9.010034, -12.721971 9.017334, -12.721071 9.024834, -12.723271 9.037334, -12.723371 9.040734, -12.720771 9.050734, -12.717971 9.057334, -12.714071 9.062634, -12.707371 9.069434, -12.694171 9.080934, -12.688471 9.090734, -12.682471 9.096634, -12.673771 9.100834, -12.666971 9.102234, -12.663971 9.101334, -12.659071 9.102934, -12.657671 9.106934, -12.657871 9.112234, -12.660571 9.120734, -12.660871 9.124934, -12.659571 9.130834, -12.656271 9.138034, -12.651971 9.143434, -12.650671 9.150834, -12.651271 9.158234, -12.653271 9.166434, -12.652671 9.174434, -12.648571 9.181334, -12.636771 9.192934, -12.630571 9.196734, -12.611971 9.203034, -12.605571 9.206534, -12.597071 9.213334, -12.593271 9.215134, -12.584671 9.215634, -12.574671 9.212934, -12.566771 9.212834, -12.561771 9.215234, -12.555171 9.221534, -12.554071 9.225734, -12.553671 9.236634, -12.552171 9.243734, -12.548171 9.250534, -12.541771 9.252534, -12.537371 9.250934, -12.534271 9.247134, -12.532471 9.241534, -12.531671 9.232234, -12.530171 9.228934, -12.525871 9.227234, -12.522071 9.228334, -12.520171 9.232234, -12.519371 9.241534, -12.516371 9.256734, -12.513571 9.268634, -12.509671 9.274234, -12.506471 9.275334, -12.502371 9.274634, -12.497771 9.270634, -12.495871 9.266234, -12.493971 9.257334, -12.491371 9.251434, -12.489171 9.249934, -12.485471 9.250134, -12.483071 9.252234, -12.479471 9.258834, -12.477571 9.264134, -12.473671 9.266834, -12.468571 9.266634, -12.464571 9.264334, -12.456271 9.263934, -12.448771 9.261934, -12.442871 9.258034, -12.439471 9.257234, -12.435571 9.259134, -12.434071 9.261834, -12.429671 9.273934, -12.427771 9.282334, -12.426571 9.295934, -12.424671 9.299334, -12.418671 9.305034, -12.411071 9.296634, -12.395271 9.280634, -12.387971 9.275834, -12.379871 9.275234, -12.376771 9.276534, -12.374971 9.281834, -12.376471 9.286234, -12.378371 9.288934, -12.385271 9.294134, -12.396671 9.303734, -12.413071 9.312734, -12.406271 9.325134, -12.400871 9.330534, -12.397471 9.336334, -12.393371 9.346034, -12.388871 9.351234, -12.385671 9.352734, -12.380871 9.353134, -12.372571 9.350834, -12.366171 9.350034, -12.363671 9.361634, -12.366771 9.365434, -12.367571 9.374534, -12.365371 9.383834, -12.365671 9.391834, -12.367571 9.395834, -12.370171 9.398334, -12.375371 9.400934, -12.380771 9.401934, -12.395071 9.402434, -12.400771 9.406234, -12.402371 9.410834, -12.402771 9.424134, -12.403971 9.431334, -12.407771 9.439034, -12.409571 9.444934, -12.410371 9.451934, -12.410471 9.463634, -12.413371 9.469534, -12.416171 9.471234, -12.420371 9.471034, -12.433371 9.466634, -12.442271 9.465434, -12.450071 9.465334, -12.469271 9.465834, -12.473571 9.480634, -12.475171 9.487534, -12.483671 9.512134, -12.485371 9.519234, -12.485371 9.523434, -12.482971 9.534234, -12.483171 9.545634, -12.485771 9.556434, -12.485571 9.565734, -12.483171 9.575034, -12.482871 9.581634, -12.485671 9.589134, -12.490771 9.590934, -12.507071 9.585434, -12.512171 9.585034, -12.516671 9.586634, -12.521571 9.590534, -12.537271 9.595234, -12.541571 9.595634, -12.550071 9.594734, -12.555971 9.592834, -12.561771 9.592134, -12.569971 9.592834, -12.583471 9.596434, -12.591739 9.599879, -12.60008 9.600767, -12.61492 9.606228, -12.621151 9.601145, -12.63076 9.572143, -12.636289 9.565456, -12.63651 9.561087, -12.63277 9.552597, -12.63437 9.548224, -12.642939 9.549568, -12.648031 9.547939, -12.657489 9.539166, -12.660468 9.532028, -12.658611 9.531807, -12.651169 9.524482, -12.649289 9.516671, -12.650652 9.508854, -12.67204 9.475437, -12.671319 9.469233, -12.672691 9.466927, -12.678469 9.463688, -12.68026 9.450579, -12.68393 9.44298, -12.67998 9.438857, -12.679971 9.435181, -12.6855 9.430789, -12.68338 9.421144, -12.686138 9.417686, -12.686799 9.409178, -12.688871 9.407332, -12.691189 9.408011, -12.6984 9.416257, -12.703489 9.415546, -12.708791 9.410929, -12.7113 9.401493, -12.712171 9.389537, -12.716799 9.390437, -12.723999 9.395232, -12.75224 9.39649, -12.75776 9.388422, -12.75817 9.376931, -12.756509 9.366235, -12.75159 9.355582, -12.750873 9.34963, -12.753391 9.345002, -12.756851 9.342229, -12.77698 9.3426, -12.778819 9.340063, -12.778559 9.333399, -12.78152 9.323961, -12.785186 9.316829, -12.787959 9.315889, -12.78957 9.312666, -12.788371 9.303937, -12.789511 9.300714, -12.794131 9.297475, -12.805475 9.29387, -12.806585 9.293517, -12.812114 9.28683, -12.816509 9.285884, -12.82509 9.2909, -12.83134 9.291101, -12.8408 9.285312, -12.8446 9.286925, -12.857151 9.295821, -12.86825 9.295299, -12.8729 9.298262, -12.876359 9.296637, -12.881109 9.277993, -12.8931 9.270345, -12.900739 9.270992, -12.916541 9.282625, -12.926521 9.286476, -12.935079 9.286656, -12.94381 9.275577, -12.952439 9.249329, -12.95883 9.235273, -12.954151 9.1898, -12.956185 9.182224, -12.970239 9.171781, -12.9732 9.165101, -12.973389 9.158895, -12.98086 9.132425, -12.991609 9.112831, -13.00215 9.097374, -13.01182 9.090883, -13.018509 9.087626, -13.036081 9.08821, -13.0437 9.086555, -13.05085 9.082605, -13.058319 9.058433, -13.069379 9.052161, -13.087619 9.048373, -13.107509 9.049626, -13.12306 9.057799, -13.15146 9.08588, -13.163061 9.091551, -13.17417 9.092399, -13.179471 9.090297, -13.206859 9.072652, -13.215641 9.071672, -13.236251 9.075442, -13.247581 9.075134, -13.267869 9.067413, -13.276391 9.06207, -13.28143 9.056521, -13.288571 9.052564, -13.300682 9.041567, -13.303506 9.039858, -13.297639 9.030972, -13.291805 9.014585, -13.291251 9.006806, -13.293749 9.005972, -13.296251 9.001805, -13.295417 8.996527, -13.296527 8.989304, -13.294305 8.987084, -13.293473 8.98375, -13.291805 8.98375, -13.291805 8.975418, -13.293473 8.968751, -13.293195 8.964307, -13.288473 8.955972, -13.284028 8.953472, -13.278472 8.953472, -13.260973 8.949027, -13.257638 8.949306, -13.257916 8.955416, -13.25014 8.954028))",/sites/default/files/open-data/district-photos/2023-04/kambia.jpg,APC,APC,,Yes,FF333C
60,"Karene is a district in the North West Province, Sierra Leone. Karine is one of the sixteen districts that make up the Republic of Sierra Leone. The capital and largest city of Karine District is Kamakwie Karine along with Falaba District are the two new districts of Sierra Leone formed in December 2017, after they were ratified by the Sierra Leone Parliament in the government of former president Ernest Bai KoromaThe major economic activity in Karine is farming. The Temne people is the predominant majority ethnic group in Karine.",Karene,"North West, North",Kamakwie,,,,,101160,100145,,,,,,,"POINT (-12.240272 9.498376)","POLYGON ((-11.9080208 9.9396394, -12.124655 9.871512, -12.137359 9.8780326, -12.14715 9.877064, -12.1464593 9.8740636, -12.149554 9.878302, -12.15296 9.880054, -12.1595337 9.8841131, -12.1633438 9.886224, -12.1682171 9.8823279, -12.1690378 9.8867119, -12.1720529 9.8907445, -12.1753364 9.8879862, -12.1819037 9.8905866, -12.1909194 9.8971394, -12.2055191 9.9041557, -12.2175538 9.9107462, -12.2203386 9.9178394, -12.2217898 9.9266149, -12.2240066 9.9326677, -12.3391596 9.9027978, -12.344098 9.8942231, -12.4397956 9.8811095, -12.4505997 9.8738197, -12.4630891 9.8557656, -12.4738611 9.8509033, -12.4871646 9.8492967, -12.4952316 9.8454065, -12.4954625 9.8399743, -12.49947 9.832174, -12.49562 9.829666, -12.4888573 9.8304752, -12.4875878 9.8272249, -12.4892144 9.8202059, -12.4883479 9.8129337, -12.4927946 9.8153042, -12.4968814 9.8132795, -12.5009353 9.7936688, -12.5076694 9.7828658, -12.5094645 9.7693802, -12.518547 9.755267, -12.5142362 9.7527142, -12.5061192 9.7496804, -12.509111 9.742937, -12.520026 9.743261, -12.528089 9.736435, -12.522765 9.723093, -12.519201 9.714165, -12.5235036 9.70772, -12.527397 9.7151926, -12.527631 9.721338, -12.533591 9.720093, -12.547448 9.709008, -12.565192 9.702838, -12.563014 9.6886407, -12.575505 9.660121, -12.58319 9.663587, -12.5871078 9.6535288, -12.5811164 9.6345767, -12.5869816 9.6061564, -12.591739 9.599879, -12.561771 9.592134, -12.537271 9.595234, -12.507071 9.585434, -12.4870443 9.5952274, -12.482871 9.581634, -12.4825776 9.5503441, -12.485371 9.519234, -12.475171 9.487534, -12.469271 9.465834, -12.433371 9.466634, -12.413371 9.469534, -12.403971 9.431334, -12.400771 9.406234, -12.395071 9.402434, -12.370171 9.398334, -12.365671 9.391834, -12.363671 9.361634, -12.366171 9.350034, -12.388871 9.351234, -12.397471 9.336334, -12.413071 9.312734, -12.396671 9.303734, -12.385271 9.294134, -12.374971 9.281834, -12.379871 9.275234, -12.387971 9.275834, -12.400571 9.285934, -12.418671 9.305034, -12.426571 9.295934, -12.4248914 9.273468, -12.435571 9.259134, -12.442871 9.258034, -12.456271 9.263934, -12.464571 9.264334, -12.473671 9.266834, -12.479471 9.258834, -12.471971 9.256934, -12.443171 9.238034, -12.4284167 9.2217516, -12.427971 9.207634, -12.433171 9.190034, -12.428371 9.173034, -12.431771 9.159634, -12.441171 9.144734, -12.456971 9.132534, -12.470871 9.118434, -12.483871 9.115434, -12.488671 9.105734, -12.478771 9.076934, -12.490171 9.071134, -12.510771 9.078134, -12.522371 9.067134, -12.529871 9.070734, -12.533871 9.080434, -12.544071 9.073834, -12.546571 9.066434, -12.541271 9.052834, -12.4598694 9.0709074, -12.445371 9.099734, -12.3294067 9.0505651, -12.2044373 9.1088767, -12.1604919 9.2105601, -12.1192932 9.304083, -11.9654846 9.3759025, -11.9558716 9.4571897, -11.960471 9.504434, -12.009471 9.528734, -12.036171 9.516234, -12.056971 9.537034, -12.056671 9.556034, -12.071828 9.565366, -12.101371 9.563834, -12.1385291 9.5801518, -12.1144508 9.6036191, -12.0936917 9.6396227, -12.0767934 9.6504488, -12.0351642 9.662457, -12.0022902 9.6731496, -11.9851878 9.6845202, -11.937871 9.694534, -11.889971 9.700934, -11.888571 9.786134, -11.8966224 9.8366065, -11.8902544 9.835659, -11.891271 9.861034, -11.8847888 9.8731061, -11.8854862 9.8829898, -11.9019879 9.8865221, -11.9066778 9.8984394, -11.9048443 9.9022397, -11.8920772 9.9158169, -11.8971627 9.9239831, -11.8928391 9.9285736, -11.8988151 9.9338404, -11.9080208 9.9396394))",/sites/default/files/open-data/district-photos/2023-04/kamakwie-wesleyan-hospital.jpg,APC,APC,,No,FF333C
53,"Kenema District is a district in the Eastern Province of Sierra Leone. Its capital and largest city is Kenema, which is the third most populous city in Sierra Leone, after Freetown and Bo. Tongo is the second most populous city in the district. Other major towns in Kenema District include Blama and Yomboma. The district is the most populous district in the Eastern province with a population 609,873. Kenema District has an area of 6,053 km2 (2,337 sq mi) and comprises sixteen chiefdoms.The District of Kenema borders Bo District to the west, the Republic of Liberia to the southeast, Tonkolili District and Kono District to the north, Kailahun District to the east, and Pujehun District to the southwest. The economy of Kenema District is largely based on Farming, Diamond mining and trade.The Mende is the largest ethnic group in the district, though the district is home to a significant population of many of Sierra Leone""s ethnic groups. The population of Kenema District is majority Muslim, though the district is also home to a significant Christian minority. Like the rest of Sierra Leone, Muslims and Christians collaborate and get along very well in Kenema District.",Kenema,East,Kenema,153445,291083,271026,248862,280142,317978,,,,,,,"POINT (-11.195071 7.863246)","POLYGON ((-11.499271 7.620734, -11.498171 7.607134, -11.495571 7.594834, -11.495671 7.589234, -11.498071 7.576834, -11.498171 7.549134, -11.497071 7.538734, -11.495071 7.534034, -11.474871 7.532534, -11.466171 7.529934, -11.456471 7.529134, -11.448571 7.531134, -11.444971 7.534434, -11.441571 7.540534, -11.437371 7.553434, -11.430771 7.561134, -11.423771 7.572934, -11.416371 7.583934, -11.403671 7.594134, -11.393271 7.604434, -11.385371 7.604834, -11.371171 7.610134, -11.361471 7.607534, -11.356971 7.602634, -11.349971 7.581134, -11.343106 7.568331, -11.342571 7.567334, -11.340671 7.559134, -11.340671 7.550334, -11.342871 7.540134, -11.343106 7.539513, -11.347071 7.529034, -11.348771 7.518634, -11.353671 7.505334, -11.354771 7.500234, -11.354971 7.472634, -11.353971 7.462734, -11.349971 7.444534, -11.354171 7.438934, -11.357171 7.422834, -11.353771 7.408134, -11.349171 7.398034, -11.343106 7.392895, -11.341971 7.391934, -11.327271 7.385334, -11.301871 7.379334, -11.284471 7.371334, -11.274571 7.369434, -11.258971 7.369234, -11.253171 7.368234, -11.245271 7.365034, -11.222871 7.353434, -11.211971 7.345034, -11.204371 7.340834, -11.173171 7.325334, -11.165371 7.322134, -11.140671 7.316434, -11.138275 7.321026, -11.140146 7.332355, -11.136248 7.338185, -11.129794 7.340796, -11.131065 7.3427, -11.125901 7.344646, -11.123953 7.347912, -11.123278 7.355681, -11.117437 7.362136, -11.114834 7.362141, -11.110941 7.366029, -11.109649 7.371234, -11.102529 7.37579, -11.097966 7.384845, -11.092136 7.384852, -11.088904 7.38874, -11.072032 7.391327, -11.05585 7.399115, -11.03962 7.412733, -11.037008 7.41728, -11.031174 7.420511, -11.027281 7.424438, -11.029213 7.430223, -11.027269 7.431547, -11.022107 7.425728, -11.020813 7.433498, -11.007824 7.437398, -11.003933 7.439968, -11.003302 7.446455, -10.99163 7.452957, -10.981235 7.463963, -10.9807 7.46413, -10.970852 7.4672, -10.970218 7.474969, -10.966323 7.478857, -10.958524 7.483434, -10.947486 7.495739, -10.93325 7.500924, -10.930636 7.507415, -10.927409 7.507419, -10.925474 7.503536, -10.92159 7.501601, -10.917055 7.494458, -10.909933 7.500295, -10.891768 7.508746, -10.890478 7.513293, -10.885259 7.519747, -10.875543 7.519759, -10.864532 7.5256, -10.86192 7.530147, -10.851571 7.537269, -10.837955 7.545055, -10.837287 7.548319, -10.833397 7.550887, -10.830778 7.55932, -10.821069 7.554787, -10.820436 7.561936, -10.821712 7.565818, -10.816536 7.570369, -10.818469 7.576154, -10.811303 7.585252, -10.812591 7.59046, -10.800171 7.587834, -10.801671 7.597734, -10.809271 7.596734, -10.826071 7.597334, -10.834971 7.599834, -10.849571 7.599934, -10.859171 7.598234, -10.869971 7.602334, -10.880971 7.605434, -10.884871 7.607734, -10.888171 7.612634, -10.892371 7.625934, -10.897571 7.632534, -10.903971 7.633434, -10.903471 7.643934, -10.902402 7.646302, -10.898371 7.655234, -10.891271 7.660634, -10.889371 7.663534, -10.889371 7.670734, -10.893971 7.680834, -10.901971 7.689034, -10.905871 7.695134, -10.909671 7.698334, -10.910871 7.703234, -10.908971 7.706834, -10.900371 7.713834, -10.895771 7.720134, -10.894871 7.727834, -10.903171 7.742334, -10.909071 7.759134, -10.933271 7.762634, -10.949871 7.760034, -10.958871 7.760534, -10.964371 7.765734, -10.965771 7.774634, -10.968471 7.782734, -10.972771 7.789934, -10.976471 7.793134, -10.994271 7.804034, -10.995771 7.812234, -10.998571 7.818834, -11.010571 7.836134, -11.016971 7.851234, -11.027971 7.871634, -11.041071 7.865834, -11.046471 7.865834, -11.052571 7.867934, -11.041571 7.884834, -11.035971 7.903934, -11.034271 7.914234, -11.035071 7.919934, -11.034271 7.926834, -11.029671 7.935434, -11.022071 7.945134, -11.017371 7.954734, -11.000571 7.973534, -10.995771 7.982234, -10.993871 7.989234, -10.992171 8.005634, -10.986471 8.016234, -10.980271 8.024634, -10.974171 8.030834, -10.966471 8.045534, -10.964771 8.051334, -10.963871 8.064934, -10.959771 8.072334, -10.950171 8.078134, -10.941471 8.091634, -10.935071 8.097534, -10.926771 8.101734, -10.915071 8.120134, -10.912371 8.126534, -10.908071 8.142034, -10.902771 8.148834, -10.893471 8.154334, -10.890371 8.163634, -10.890371 8.177134, -10.888371 8.185134, -10.882571 8.191434, -10.880271 8.196534, -10.876571 8.216134, -10.876971 8.225234, -10.868071 8.241834, -10.865171 8.250034, -10.864771 8.260334, -10.868071 8.267134, -10.873171 8.269934, -10.884571 8.271034, -10.896071 8.268834, -10.907371 8.258734, -10.912571 8.251634, -10.918771 8.234434, -10.921771 8.230634, -10.927271 8.234334, -10.935671 8.242734, -10.946771 8.249034, -10.952671 8.257734, -10.955471 8.273734, -10.958671 8.281034, -10.963771 8.287634, -10.968071 8.296034, -10.968571 8.304834, -10.965871 8.316134, -10.961771 8.323734, -10.951771 8.334934, -10.945571 8.346834, -10.944071 8.355834, -10.939771 8.364234, -10.930871 8.370734, -10.920671 8.380434, -10.928271 8.386034, -10.933371 8.387234, -10.944471 8.391934, -10.952771 8.393334, -10.964671 8.393634, -10.983271 8.396434, -10.987471 8.395334, -10.993271 8.390934, -10.998571 8.383834, -11.000771 8.376734, -11.001471 8.366734, -11.004071 8.357234, -11.008371 8.350534, -11.015071 8.346134, -11.033671 8.335734, -11.040571 8.333934, -11.071871 8.333634, -11.080271 8.335534, -11.087971 8.343434, -11.090771 8.350034, -11.094571 8.364034, -11.099671 8.369534, -11.103571 8.369034, -11.116571 8.361634, -11.131771 8.358934, -11.139971 8.354634, -11.142571 8.350434, -11.143471 8.344734, -11.144271 8.326134, -11.157571 8.331434, -11.165871 8.336834, -11.174371 8.339834, -11.178971 8.338534, -11.188471 8.331034, -11.198471 8.324634, -11.207871 8.323034, -11.211271 8.337234, -11.213471 8.342734, -11.221771 8.355034, -11.233971 8.370934, -11.246071 8.382634, -11.253471 8.395534, -11.261671 8.415234, -11.263371 8.421034, -11.264171 8.431934, -11.264671 8.455634, -11.267271 8.465934, -11.269071 8.478634, -11.274871 8.491834, -11.283771 8.500734, -11.296771 8.508034, -11.311671 8.509634, -11.320771 8.511834, -11.332771 8.512834, -11.343371 8.517034, -11.351271 8.523434, -11.359571 8.531734, -11.369571 8.529334, -11.380471 8.521834, -11.389471 8.519934, -11.395671 8.521034, -11.411771 8.529934, -11.429471 8.534434, -11.438071 8.534334, -11.448471 8.531734, -11.466971 8.529934, -11.482771 8.524634, -11.489871 8.523734, -11.496971 8.524634, -11.509071 8.530034, -11.521771 8.534234, -11.535371 8.534534, -11.545971 8.530134, -11.550671 8.526534, -11.569671 8.507234, -11.579971 8.493834, -11.591371 8.487534, -11.589771 8.471734, -11.586271 8.460434, -11.580371 8.450534, -11.573771 8.445634, -11.562171 8.440034, -11.557971 8.436534, -11.556471 8.429534, -11.558171 8.418534, -11.556871 8.412134, -11.557071 8.404734, -11.558871 8.396834, -11.557371 8.387734, -11.550571 8.375134, -11.543771 8.356234, -11.539771 8.348934, -11.536071 8.345134, -11.515971 8.338134, -11.494571 8.336734, -11.483771 8.325134, -11.480571 8.317134, -11.479471 8.301834, -11.475471 8.287134, -11.465471 8.273934, -11.460371 8.266634, -11.454071 8.260834, -11.434771 8.251034, -11.425771 8.242234, -11.418271 8.227234, -11.414071 8.215334, -11.410871 8.211834, -11.394771 8.204534, -11.383171 8.194734, -11.366471 8.183534, -11.366971 8.174934, -11.370471 8.162634, -11.373571 8.156434, -11.365671 8.147534, -11.362271 8.140734, -11.357371 8.121834, -11.350871 8.101234, -11.350371 8.091034, -11.351571 8.081934, -11.346971 8.060234, -11.347371 8.049634, -11.345571 8.037534, -11.342971 8.028134, -11.341971 8.018134, -11.341771 7.997634, -11.343371 7.984234, -11.351671 7.960434, -11.364471 7.952234, -11.379371 7.938734, -11.396471 7.925734, -11.419971 7.910134, -11.438871 7.900334, -11.448971 7.893534, -11.454071 7.888334, -11.460771 7.878334, -11.466971 7.866834, -11.472671 7.859134, -11.475071 7.851434, -11.474371 7.842034, -11.471571 7.829534, -11.471371 7.822734, -11.474271 7.802534, -11.459171 7.805334, -11.448871 7.809734, -11.441871 7.814334, -11.433571 7.816034, -11.425271 7.812834, -11.424271 7.808034, -11.412871 7.786934, -11.411071 7.781134, -11.411171 7.769534, -11.413371 7.762334, -11.416871 7.745034, -11.417771 7.732634, -11.419871 7.725034, -11.426971 7.712534, -11.428471 7.704234, -11.427771 7.696934, -11.425571 7.692734, -11.431471 7.687734, -11.437771 7.686734, -11.441071 7.688534, -11.447671 7.697134, -11.453871 7.702634, -11.464371 7.703934, -11.474371 7.699234, -11.482871 7.692134, -11.498771 7.680134, -11.511371 7.672834, -11.521071 7.665134, -11.535871 7.657634, -11.521971 7.651634, -11.513971 7.646734, -11.504371 7.634534, -11.502929 7.630633, -11.499271 7.620734))",/sites/default/files/open-data/district-photos/2023-04/kenema.jpg,SLPP,SLPP,,No,009900
57,"Koinadugu District is a district in the Northern Province of Sierra Leone. It is the largest District in Sierra Leone in geographical area, and one of the least most densely populated. Its capital and largest city is Kabala, which is also one of the main cities in Northern Sierra Leone. The District of Koinadugu has a population of 404,097, based on the 2015 Sierra Leone national census; and has a total area of 12,121 km2 (4,680 sq mi). Koinadugu District is subdivided into eleven chiefdoms.The District of Koinadugu borders Bombali on the west, Tonkolili District to the south-west, Kono District to the south, Falaba District to the east, and the Republic of Guinea to north east. Diamond mining is a major economic activity in the district, as well as agricultural production of rice, mango, cacao, and coconut.The population of Koinadugu district is almost entirely made up of five main ethnic groups: the Kuranko, Mandingo, Fula, Limba, and Yalunka. These five ethnic groups are politically and culturally influential in Koinadugu District. Koinadugu District is overwhelmingly Muslim majority at over 90% and Islam dominates the religious and cultural practices in the district. There is also a small but significant minority Christian population in the district, and is mainly among the Limba people in the district.",Koinadugu,North,Kabala,98269,122339,134757,139035,155484,85258,,,,,,,"POINT (-11.546538 9.587152)","POLYGON ((-11.9028709 9.934904, -11.892839 9.9265436, -11.8920772 9.913787, -11.8972035 9.9044392, -11.9034709 9.897504, -11.9019878 9.8844921, -11.8854862 9.8809598, -11.890271 9.857134, -11.893171 9.836434, -11.8966224 9.8366065, -11.888571 9.786134, -11.889971 9.698904, -11.9795029 9.6862735, -12.0306339 9.6639744, -12.0767934 9.6504488, -12.0936917 9.6396227, -12.1050957 9.6247343, -12.1135738 9.5990584, -12.1385291 9.5801518, -12.0972697 9.560704, -12.0718269 9.564195, -12.0628699 9.563004, -12.05667 9.554004, -12.05697 9.535004, -12.0361701 9.514204, -12.0094702 9.526704, -11.9604705 9.502404, -11.9431706 9.515204, -11.8980709 9.523404, -11.882371 9.514804, -11.8710711 9.484404, -11.8673711 9.446004, -11.8337713 9.411004, -11.8211714 9.376404, -11.8239713 9.347804, -11.8090714 9.201204, -11.7604717 9.195604, -11.7435718 9.201904, -11.7376718 9.212304, -11.7365911 9.2246594, -11.7341434 9.2467555, -11.7278719 9.267904, -11.718072 9.277804, -11.712572 9.232304, -11.705772 9.215804, -11.7022814 9.1865271, -11.7043514 9.1448172, -11.704372 9.098004, -11.6836721 9.076604, -11.6669722 9.076304, -11.6534723 9.080804, -11.6266725 9.106304, -11.6131725 9.120504, -11.5994726 9.127904, -11.5756728 9.131604, -11.5582729 9.133304, -11.533673 9.1437041, -11.525073 9.1522041, -11.5091731 9.1621041, -11.4847733 9.1652041, -11.4648734 9.1614041, -11.4211736 9.1436041, -11.4448735 9.1308041, -11.4545734 9.1193041, -11.4512734 9.0867041, -11.4527734 9.0572041, -11.4601734 9.0210041, -11.4487734 9.0062041, -11.4466734 9.0003041, -11.4472734 8.9838041, -11.4637733 8.9680041, -11.4788733 8.9353041, -11.4765733 8.9129041, -11.4690733 8.9096041, -11.4643733 8.9013041, -11.4474734 8.8620041, -11.4243735 8.7912041, -11.3991736 8.7471041, -11.3995736 8.7294041, -11.3872737 8.6875041, -11.3853737 8.6599041, -11.3800737 8.6504041, -11.3707738 8.6446041, -11.3638244 8.6471104, -11.3545738 8.6435041, -11.3489739 8.6612041, -11.3584016 8.6854811, -11.3588738 8.6967041, -11.3564739 8.7298041, -11.3470739 8.7528041, -11.343274 8.7779041, -11.3194741 8.7994041, -11.2877743 8.8582041, -11.2822743 8.8835041, -11.2769744 8.8931041, -11.2650744 8.9081041, -11.2464745 8.9154041, -11.165075 8.9325042, -11.1457751 8.9508042, -11.1393752 8.9651042, -11.1398752 8.9905042, -11.1439752 9.0110042, -11.1381752 9.0212042, -11.1212753 9.0259042, -11.0774756 9.0570042, -11.0591757 9.0572042, -11.141871 9.106034, -11.109371 9.143934, -11.093671 9.191834, -11.068071 9.217434, -10.998171 9.283534, -11.0128435 9.2951883, -11.061471 9.308334, -11.133671 9.315034, -11.192571 9.326534, -11.232671 9.376234, -11.266671 9.462634, -11.321871 9.443334, -11.339071 9.449534, -11.333171 9.460334, -11.334371 9.481234, -11.408171 9.494634, -11.4599979 9.4800412, -11.486571 9.476134, -11.509471 9.532134, -11.5342273 9.5471589, -11.548871 9.573034, -11.5310642 9.5999421, -11.469571 9.638334, -11.490871 9.650034, -11.519071 9.658534, -11.614071 9.699434, -11.6488931 9.7406645, -11.677771 9.779434, -11.682471 9.806034, -11.7014362 9.8241376, -11.7307158 9.815134, -11.7334652 9.8250192, -11.720371 9.835734, -11.7204243 9.8612861, -11.732571 9.878834, -11.724157 9.919827, -11.729071 9.954934, -11.737671 9.997034, -11.8954466 9.9992804, -11.8995666 9.9884608, -11.9050597 9.9614103, -11.9080851 9.9501861, -11.9028709 9.934904))",/sites/default/files/open-data/district-photos/2023-04/kabala.jpg,APC,APC,,Yes,FF333C
54,"Kono District is a district in the Eastern Province of Sierra Leone. Its capital and largest city is Koidu Town. Motema is the second most populous city in the district. The other major towns in the district include Yengema, Tombodu, Jaiama Nimikor and Sewafe. The district is the largest diamond producer in Sierra Leone. The population of Kono District is 505,767. Kono District borders Kenema District to the southwest, The Republic of Guinea to the east, Koinadugu District to the northeast and Kailahun District to the southeast. Kono District is divided into fourteen chiefdoms.Kono District is one of the most ethnically diverse Districts in Sierra Leone and is home to a large population of many of Sierra Leone's ethnic groups, with no single ethnic group forming a majority.Kono District population is religiously diverse among Muslims and Christians, though Muslims make up the majority of the population in Kono District",Kono,East,Kono,124905,128145,180341,164798,186094,174205,,,,,,,"POINT (-10.95441 8.646796)","POLYGON ((-10.58359 9.036373, -10.5848 9.043199, -10.587671 9.043234, -10.596171 9.042134, -10.608471 9.041334, -10.614371 9.040334, -10.619655 9.037968, -10.621071 9.037334, -10.624986 9.034966, -10.629171 9.032434, -10.634771 9.030734, -10.643671 9.029934, -10.647971 9.028934, -10.651771 9.026934, -10.660571 9.021134, -10.670471 9.012434, -10.673871 9.009834, -10.676471 9.008634, -10.681671 9.006834, -10.693671 9.001634, -10.700271 8.999334, -10.703671 8.997234, -10.706871 8.994534, -10.709771 8.991534, -10.712371 8.988334, -10.717771 8.978834, -10.718971 8.974934, -10.719271 8.969234, -10.718771 8.964934, -10.717171 8.960134, -10.715571 8.956934, -10.711971 8.951834, -10.710171 8.948734, -10.708371 8.944234, -10.706271 8.937934, -10.702371 8.931934, -10.711771 8.930334, -10.726671 8.929134, -10.734071 8.927134, -10.738671 8.926334, -10.762371 8.925634, -10.766871 8.924834, -10.771571 8.923434, -10.774571 8.922834, -10.790671 8.922034, -10.795371 8.921534, -10.802971 8.919334, -10.811771 8.917434, -10.825471 8.911834, -10.834271 8.915634, -10.849471 8.922834, -10.856871 8.926934, -10.860371 8.929434, -10.868171 8.936334, -10.872971 8.939334, -10.881771 8.941634, -10.885071 8.943434, -10.888271 8.947034, -10.890671 8.952334, -10.892671 8.958834, -10.895871 8.963734, -10.899971 8.968034, -10.904471 8.971934, -10.910971 8.976034, -10.919771 8.982934, -10.926171 8.987134, -10.930371 8.990834, -10.933171 8.994034, -10.937471 9.000334, -10.952071 9.016434, -10.957054 9.025155, -10.960071 9.030434, -10.965571 9.037734, -10.969271 9.040734, -10.978771 9.044234, -10.983171 9.044934, -10.987671 9.045234, -10.998371 9.045234, -11.005971 9.044934, -11.010371 9.044234, -11.016371 9.042334, -11.020371 9.041534, -11.025971 9.041234, -11.030171 9.041534, -11.035371 9.043234, -11.046371 9.051634, -11.055171 9.057434, -11.059171 9.059234, -11.065071 9.060034, -11.071271 9.059934, -11.077471 9.059034, -11.081771 9.057634, -11.089171 9.051134, -11.097671 9.045234, -11.107471 9.036334, -11.117471 9.029734, -11.121271 9.027934, -11.133671 9.025634, -11.138171 9.023234, -11.140571 9.020534, -11.140998 9.019592, -11.143971 9.013034, -11.144371 9.008934, -11.143771 9.004934, -11.139871 8.992534, -11.139171 8.988234, -11.138671 8.976034, -11.138771 8.971534, -11.139371 8.967134, -11.141171 8.961534, -11.145771 8.952834, -11.151571 8.946134, -11.160271 8.937734, -11.165071 8.934534, -11.171571 8.932134, -11.183671 8.926834, -11.196171 8.922834, -11.211371 8.921234, -11.217371 8.919434, -11.221571 8.918734, -11.239271 8.918334, -11.246471 8.917434, -11.257771 8.913834, -11.265071 8.910134, -11.267971 8.907834, -11.270371 8.904934, -11.276971 8.895134, -11.282271 8.885534, -11.283471 8.881834, -11.284671 8.874034, -11.287771 8.860234, -11.289771 8.854634, -11.291671 8.851334, -11.296971 8.844934, -11.299371 8.841634, -11.303371 8.834334, -11.315571 8.808734, -11.319471 8.801434, -11.321671 8.798434, -11.325271 8.794834, -11.333471 8.789434, -11.339671 8.784034, -11.343271 8.779934, -11.345771 8.775134, -11.346371 8.771134, -11.346471 8.760234, -11.347071 8.754834, -11.348871 8.749234, -11.354671 8.737434, -11.356471 8.731834, -11.357171 8.725234, -11.357371 8.710334, -11.358871 8.698734, -11.358171 8.694334, -11.353571 8.683534, -11.351471 8.678034, -11.349771 8.672334, -11.349171 8.668434, -11.348971 8.663234, -11.349571 8.658034, -11.351371 8.652234, -11.354571 8.645534, -11.356971 8.634534, -11.357471 8.630434, -11.357271 8.626234, -11.355771 8.615934, -11.352971 8.605234, -11.351471 8.596034, -11.349071 8.586634, -11.347471 8.578834, -11.345971 8.575134, -11.342271 8.569134, -11.341171 8.566434, -11.340271 8.562034, -11.340071 8.557534, -11.340771 8.552534, -11.342271 8.549434, -11.344871 8.547134, -11.351371 8.543834, -11.354371 8.540334, -11.356771 8.534934, -11.359571 8.531734, -11.351271 8.523434, -11.346571 8.519234, -11.343371 8.517034, -11.336771 8.514034, -11.332771 8.512834, -11.320771 8.511834, -11.311671 8.509634, -11.299771 8.508534, -11.296771 8.508034, -11.292771 8.506334, -11.283771 8.500734, -11.278371 8.496134, -11.274871 8.491834, -11.270971 8.484334, -11.269071 8.478634, -11.267271 8.465934, -11.265471 8.459934, -11.264671 8.455634, -11.264171 8.447934, -11.264171 8.431934, -11.263371 8.421034, -11.261671 8.415234, -11.258671 8.408634, -11.253471 8.395534, -11.246071 8.382634, -11.239571 8.377034, -11.233971 8.370934, -11.228971 8.363634, -11.221771 8.355034, -11.213471 8.342734, -11.211271 8.337234, -11.207871 8.323034, -11.202371 8.323334, -11.198471 8.324634, -11.188471 8.331034, -11.178971 8.338534, -11.174371 8.339834, -11.169971 8.338734, -11.165871 8.336834, -11.157571 8.331434, -11.144271 8.326134, -11.143671 8.334334, -11.143471 8.344734, -11.142571 8.350434, -11.139971 8.354634, -11.137071 8.356534, -11.131771 8.358934, -11.128971 8.359534, -11.120471 8.360534, -11.116571 8.361634, -11.110271 8.364834, -11.103571 8.369034, -11.099671 8.369534, -11.096271 8.367334, -11.094571 8.364034, -11.090771 8.350034, -11.087971 8.343434, -11.084771 8.339034, -11.080271 8.335534, -11.076171 8.334134, -11.071871 8.333634, -11.046471 8.333634, -11.040571 8.333934, -11.036371 8.334634, -11.033671 8.335734, -11.026571 8.340234, -11.015071 8.346134, -11.011071 8.348434, -11.008371 8.350534, -11.004071 8.357234, -11.002171 8.362734, -11.001471 8.366734, -11.000771 8.376734, -10.999871 8.380534, -10.998571 8.383834, -10.996171 8.387534, -10.993271 8.390934, -10.987471 8.395334, -10.983271 8.396434, -10.979171 8.396134, -10.974671 8.394734, -10.970571 8.394034, -10.964671 8.393634, -10.952771 8.393334, -10.948371 8.392934, -10.944471 8.391934, -10.933371 8.387234, -10.928271 8.386034, -10.925471 8.384234, -10.920671 8.380434, -10.909471 8.377734, -10.901971 8.375334, -10.897671 8.374734, -10.891871 8.374434, -10.886171 8.374834, -10.881871 8.376534, -10.879871 8.378634, -10.878571 8.381634, -10.877671 8.385234, -10.876771 8.393034, -10.875471 8.397634, -10.870671 8.409734, -10.868971 8.413034, -10.866171 8.416334, -10.862871 8.418934, -10.856571 8.421834, -10.853171 8.422234, -10.849671 8.421434, -10.844471 8.418734, -10.841171 8.416234, -10.838271 8.413134, -10.832471 8.405134, -10.828371 8.402334, -10.824271 8.401134, -10.821371 8.400834, -10.810671 8.400634, -10.803371 8.399834, -10.797271 8.398134, -10.792971 8.397634, -10.781471 8.397134, -10.777171 8.395534, -10.775171 8.393434, -10.773371 8.389334, -10.772771 8.386534, -10.771771 8.377834, -10.770371 8.370934, -10.757771 8.380534, -10.752571 8.387134, -10.748471 8.391034, -10.727171 8.402634, -10.723871 8.405234, -10.714571 8.414234, -10.710171 8.417834, -10.697471 8.425034, -10.690671 8.430034, -10.684871 8.433534, -10.673471 8.434634, -10.668871 8.435534, -10.658671 8.439734, -10.651881 8.444627, -10.65196 8.455889, -10.65033 8.461393, -10.649589 8.476319, -10.647741 8.478379, -10.64243 8.47974, -10.63942 8.483174, -10.63988 8.487056, -10.63962 8.492592, -10.63823 8.493736, -10.630629 8.490725, -10.629469 8.494627, -10.632899 8.504284, -10.631119 8.512279, -10.62404 8.532044, -10.62239 8.541684, -10.619655 8.542733, -10.61811 8.543325, -10.607849 8.545999, -10.602299 8.549657, -10.59486 8.56456, -10.590229 8.569367, -10.58307 8.571637, -10.581211 8.575076, -10.582309 8.591388, -10.579531 8.595743, -10.57583 8.597108, -10.56638 8.595695, -10.559431 8.601872, -10.55157 8.605291, -10.54417 8.611695, -10.53101 8.613024, -10.526169 8.60979, -10.52294 8.610239, -10.515761 8.618022, -10.513064 8.61933, -10.502122 8.624631, -10.4984 8.631279, -10.481761 8.637875, -10.479209 8.640402, -10.478501 8.646363, -10.48171 8.652346, -10.478679 8.659684, -10.469389 8.674579, -10.474189 8.679776, -10.47514 8.680805, -10.482761 8.680144, -10.484571 8.68934, -10.49399 8.70201, -10.51035 8.709424, -10.50687 8.715382, -10.517648 8.729904, -10.510259 8.735381, -10.511401 8.73883, -10.523179 8.737496, -10.52547 8.740952, -10.527489 8.75704, -10.530055 8.761828, -10.535751 8.772461, -10.56269 8.793693, -10.56705 8.801059, -10.570521 8.801531, -10.576299 8.798105, -10.57998 8.801795, -10.583451 8.801577, -10.586899 8.804346, -10.58524 8.817895, -10.58338 8.821565, -10.587731 8.834674, -10.586779 8.839953, -10.596091 8.88961, -10.593021 8.908671, -10.59365 8.926364, -10.592021 8.932563, -10.594999 8.937855, -10.59817 8.959006, -10.597231 8.963368, -10.59835 8.973713, -10.59432 9.003337, -10.591761 9.009301, -10.58759 9.012276, -10.58619 9.016175, -10.585441 9.031569, -10.58367 9.036165, -10.58359 9.036373))",/sites/default/files/open-data/district-photos/2023-04/koidustreet.jpg,APC,SLPP,,Yes,009900
64,"Moyamba District is a district in the Southern Province of Sierra Leone, with a population of 318,064 in the 2015 census. Its capital and largest city is Moyamba. The other major towns include Njala, Rotifunk and Shenge",Moyamba,South,Moyamba,29944,125954,121461,129544,147041,150210,,,,,,,"POINT (-12.440676 8.161823)","POLYGON ((-11.832129 8.30652, -11.831771 8.307934, -11.820571 8.316434, -11.815871 8.321934, -11.814671 8.330934, -11.817871 8.339734, -11.826171 8.351034, -11.844271 8.338434, -11.855371 8.334534, -11.868171 8.334234, -11.894471 8.340234, -11.909371 8.341834, -11.925671 8.345934, -11.938071 8.351134, -11.954271 8.356834, -11.970671 8.364734, -11.980171 8.364734, -11.987971 8.368934, -11.993671 8.377234, -12.003571 8.367734, -12.020971 8.358034, -12.032171 8.350734, -12.039871 8.342834, -12.044171 8.333034, -12.052871 8.319034, -12.054471 8.311034, -12.052671 8.307234, -12.046471 8.301734, -12.043006 8.300149, -12.037071 8.297434, -12.031971 8.289634, -12.029571 8.272034, -12.026771 8.261334, -12.027171 8.252934, -12.033671 8.247834, -12.041071 8.247434, -12.048471 8.248934, -12.064271 8.261734, -12.071828 8.265056, -12.073371 8.265734, -12.083271 8.267034, -12.091071 8.271134, -12.105871 8.284234, -12.113571 8.287734, -12.126171 8.291434, -12.132171 8.297334, -12.145771 8.316834, -12.151371 8.321334, -12.165071 8.328034, -12.176471 8.329934, -12.194471 8.329934, -12.204571 8.333134, -12.219171 8.335034, -12.232071 8.341334, -12.241371 8.347534, -12.250371 8.351634, -12.260571 8.352534, -12.267871 8.351834, -12.276171 8.346734, -12.286271 8.334334, -12.293671 8.330634, -12.299671 8.329634, -12.311471 8.330734, -12.338671 8.344034, -12.350571 8.348334, -12.360471 8.347534, -12.371771 8.341234, -12.386971 8.325934, -12.394271 8.316634, -12.408671 8.305134, -12.415771 8.305434, -12.421271 8.314134, -12.426971 8.318234, -12.431871 8.313034, -12.432471 8.298234, -12.438971 8.272934, -12.447471 8.280234, -12.452571 8.286934, -12.458071 8.290634, -12.484171 8.288234, -12.494871 8.285434, -12.504271 8.284834, -12.514671 8.286534, -12.530871 8.295334, -12.548971 8.298334, -12.559671 8.294134, -12.570171 8.292434, -12.569571 8.304134, -12.567071 8.314034, -12.568471 8.325434, -12.574071 8.333434, -12.583271 8.340634, -12.596371 8.345934, -12.604971 8.350834, -12.616271 8.354534, -12.626071 8.356034, -12.632871 8.359334, -12.638971 8.365934, -12.650171 8.373134, -12.654271 8.374134, -12.671871 8.373534, -12.674871 8.371534, -12.689971 8.364534, -12.701671 8.364434, -12.713071 8.369734, -12.720271 8.367234, -12.721171 8.359334, -12.725071 8.353334, -12.731771 8.353034, -12.737671 8.357234, -12.748771 8.367934, -12.759671 8.374234, -12.766471 8.376934, -12.781671 8.379534, -12.791771 8.382934, -12.803671 8.388334, -12.809171 8.388534, -12.814071 8.385934, -12.817071 8.378034, -12.815271 8.372534, -12.815171 8.363434, -12.817371 8.360634, -12.826171 8.357134, -12.836371 8.349034, -12.841071 8.345934, -12.848671 8.343034, -12.855071 8.339734, -12.860271 8.334834, -12.866671 8.324834, -12.870971 8.311534, -12.876971 8.304434, -12.886671 8.302334, -12.896171 8.296134, -12.896171 8.284134, -12.897971 8.279334, -12.911171 8.269834, -12.919571 8.266134, -12.931871 8.263434, -12.942971 8.256934, -12.948271 8.257634, -12.952771 8.261234, -12.960971 8.262534, -12.974571 8.254434, -12.985671 8.241134, -12.994029 8.236807, -12.987916 8.234582, -12.985972 8.225418, -12.986528 8.219583, -12.98986 8.217361, -12.992917 8.208751, -12.983194 8.196528, -12.971527 8.186249, -12.96125 8.175972, -12.954028 8.166527, -12.953472 8.163473, -12.942361 8.155138, -12.932916 8.140696, -12.932916 8.135695, -12.927362 8.130417, -12.925418 8.122916, -12.920695 8.114862, -12.921249 8.109583, -12.910973 8.100972, -12.913473 8.095416, -12.912083 8.091528, -12.902638 8.094028, -12.897918 8.085695, -12.895971 8.077083, -12.901528 8.069582, -12.899584 8.059027, -12.900972 8.048195, -12.905694 8.041528, -12.904306 8.033749, -12.900694 8.030417, -12.90125 8.024583, -12.89514 8.007083, -12.895696 7.997639, -12.892639 7.997361, -12.894861 7.989584, -12.891527 7.984028, -12.891805 7.977083, -12.889583 7.970139, -12.891249 7.967638, -12.887917 7.960972, -12.889027 7.946527, -12.90125 7.942917, -12.906528 7.943751, -12.915971 7.934306, -12.931528 7.921805, -12.939029 7.921249, -12.948471 7.915973, -12.960972 7.917361, -12.957084 7.908472, -12.954584 7.909028, -12.940417 7.894583, -12.93375 7.885138, -12.929862 7.875418, -12.925418 7.869861, -12.919861 7.870139, -12.917639 7.871527, -12.908751 7.870417, -12.903194 7.867361, -12.894305 7.857916, -12.884861 7.84514, -12.880138 7.842361, -12.872916 7.830416, -12.872084 7.825416, -12.864583 7.819862, -12.860695 7.82014, -12.849584 7.810695, -12.84264 7.808195, -12.836527 7.800972, -12.830139 7.799306, -12.825972 7.795694, -12.819028 7.794584, -12.811805 7.790417, -12.805973 7.790139, -12.790694 7.784305, -12.790418 7.767362, -12.785417 7.757917, -12.778473 7.756529, -12.774582 7.750138, -12.763194 7.744028, -12.755139 7.748194, -12.754583 7.742362, -12.750417 7.739862, -12.739862 7.72486, -12.730417 7.717916, -12.722361 7.715972, -12.715138 7.708471, -12.710694 7.701527, -12.704583 7.701805, -12.691528 7.706805, -12.679583 7.708471, -12.667085 7.704027, -12.662084 7.700139, -12.656806 7.700695, -12.649305 7.69625, -12.642361 7.69625, -12.63875 7.694028, -12.625418 7.69375, -12.619861 7.689028, -12.600971 7.68625, -12.593749 7.686528, -12.588195 7.684305, -12.584306 7.686806, -12.595398 7.694519, -12.592771 7.696334, -12.580688 7.697083, -12.558271 7.708534, -12.552671 7.713534, -12.535882 7.71973, -12.529071 7.724634, -12.52478 7.731079, -12.520813 7.735107, -12.504089 7.748108, -12.494385 7.751282, -12.481384 7.748718, -12.470171 7.744334, -12.457071 7.741834, -12.44458 7.741882, -12.436584 7.746277, -12.429181 7.754124, -12.420288 7.772888, -12.407288 7.76947, -12.394592 7.765076, -12.388671 7.767734, -12.384071 7.778534, -12.376671 7.784734, -12.364271 7.786834, -12.356384 7.791504, -12.347071 7.804934, -12.339071 7.806834, -12.320871 7.798534, -12.302795 7.796509, -12.290588 7.793518, -12.284485 7.78772, -12.282671 7.774034, -12.280571 7.765834, -12.280471 7.757934, -12.282671 7.747434, -12.278671 7.738634, -12.269471 7.733734, -12.265381 7.724487, -12.258484 7.717285, -12.252197 7.713074, -12.242187 7.71051, -12.237183 7.707275, -12.229187 7.698486, -12.224609 7.685486, -12.215771 7.676034, -12.209371 7.671734, -12.198271 7.661934, -12.188271 7.656734, -12.181071 7.655634, -12.170271 7.656934, -12.159571 7.661334, -12.152971 7.661034, -12.141771 7.656834, -12.122871 7.653534, -12.111971 7.661734, -12.105971 7.668234, -12.099171 7.680634, -12.090571 7.691534, -12.080871 7.709834, -12.092471 7.708134, -12.112771 7.707834, -12.118671 7.710834, -12.120971 7.714734, -12.122171 7.723434, -12.121971 7.739234, -12.124371 7.749134, -12.132571 7.758534, -12.133771 7.771734, -12.132271 7.782434, -12.135171 7.803634, -12.134371 7.813034, -12.135971 7.821934, -12.140371 7.830834, -12.138271 7.845734, -12.138671 7.863434, -12.139771 7.867534, -12.147171 7.881234, -12.148271 7.887834, -12.143571 7.899434, -12.133071 7.910534, -12.131371 7.915334, -12.132371 7.930234, -12.138571 7.937034, -12.142971 7.938834, -12.141771 7.949134, -12.136871 7.954134, -12.131371 7.956534, -12.116571 7.958034, -12.083871 7.969934, -12.071828 7.977028, -12.069271 7.978534, -12.060571 7.982434, -12.042071 7.984134, -12.029971 7.986834, -12.009771 7.987634, -11.997771 7.990334, -11.979871 7.991234, -11.975971 7.992634, -11.971271 7.998434, -11.959671 8.001134, -11.950471 8.001334, -11.943271 7.999734, -11.930371 8.000634, -11.923371 7.997434, -11.917571 7.992534, -11.900471 7.985934, -11.890371 7.980934, -11.878571 7.978134, -11.873571 7.974434, -11.862671 7.972334, -11.854171 7.973834, -11.843071 7.978634, -11.828671 7.979834, -11.816971 7.975434, -11.821271 7.987334, -11.827771 7.995134, -11.829371 8.003734, -11.841771 8.014834, -11.849671 8.020134, -11.856071 8.022334, -11.862471 8.025534, -11.865871 8.027834, -11.873471 8.034034, -11.891271 8.045434, -11.896571 8.050034, -11.900371 8.054134, -11.902371 8.057534, -11.903571 8.060834, -11.904171 8.064834, -11.903871 8.068934, -11.901971 8.074534, -11.898671 8.081134, -11.896771 8.092034, -11.895671 8.095934, -11.892871 8.101334, -11.888971 8.109834, -11.876971 8.122934, -11.868271 8.142534, -11.857671 8.153134, -11.849271 8.154834, -11.833171 8.151634, -11.816071 8.151034, -11.807471 8.149234, -11.799771 8.145234, -11.789271 8.143734, -11.789371 8.151134, -11.796471 8.158734, -11.805671 8.171934, -11.811971 8.185434, -11.811971 8.205334, -11.805871 8.226034, -11.801771 8.243734, -11.801371 8.255834, -11.802471 8.264734, -11.806671 8.271434, -11.829771 8.293634, -11.833871 8.299634, -11.832129 8.30652))",/sites/default/files/open-data/district-photos/2023-04/moyamba-junction.jpg,SLPP,SLPP,,No,009900
61,"Port Loko District is a district in the North West Province of Sierra Leone. It is the most populous District in the North and the second most populous District in Sierra Leone, after the Western Area Urban District. As of the 2015 census, Port Loko District has a population of 614,063. The district capital is the town of Port Loko and its largest city is Lunsar. The other major towns in the district include Masiaka, Rokupr, Pepel, Lungi and Gbinti.The district of Port Loko borders the Western Area to the west, Kambia District to the north, Bombali District to the east and Tonkolili District to the south. The district occupies a total area of 5,719 km2 (2,208 sq mi) and comprises eleven chiefdoms. The population of Port Loko District is predominantly Muslim and the Temne people form by far the largest ethnic group in the district.","Port Loko","North West, North","Port Loko",160978,191249,216698,238222,233962,236923,,,,,,,"POINT (-12.767909 8.772826)","POLYGON ((-12.808871 9.027634, -12.820971 9.014734, -12.832371 8.997234, -12.840171 8.987634, -12.853171 8.967034, -12.855018 8.963357, -12.863371 8.946734, -12.873371 8.935434, -12.879435 8.924102, -12.883871 8.901334, -12.883971 8.876734, -12.889971 8.860734, -12.897571 8.852434, -12.931371 8.840134, -12.944671 8.840534, -12.964371 8.844434, -12.983671 8.845234, -13.013471 8.842334, -13.046171 8.833134, -13.068571 8.829334, -13.103571 8.828534, -13.121171 8.825934, -13.141771 8.831434, -13.149071 8.830034, -13.151471 8.821334, -13.146971 8.808734, -13.152071 8.805934, -13.162571 8.806134, -13.176971 8.811934, -13.168071 8.828934, -13.1702 8.840139, -13.183473 8.85181, -13.201804 8.859305, -13.205973 8.858473, -13.215971 8.847916, -13.229584 8.839695, -13.244583 8.822638, -13.24862 8.803473, -13.245974 8.782361, -13.248472 8.757917, -13.244305 8.745972, -13.238195 8.736806, -13.239861 8.715416, -13.241805 8.720138, -13.239027 8.727361, -13.242658 8.735972, -13.244583 8.728195, -13.241076 8.702361, -13.244583 8.675139, -13.242639 8.663472, -13.236527 8.649027, -13.219862 8.629028, -13.210876 8.614029, -13.205138 8.600418, -13.199028 8.575972, -13.182639 8.547084, -13.173194 8.537083, -13.169306 8.52625, -13.159861 8.525694, -13.154861 8.519862, -13.147084 8.516249, -13.146806 8.52125, -13.140972 8.524306, -13.135139 8.534305, -13.132917 8.54875, -13.128195 8.553194, -13.127639 8.570696, -13.117229 8.586804, -13.108749 8.604584, -13.111249 8.610138, -13.126529 8.620973, -13.140418 8.618749, -13.12775 8.624027, -13.121804 8.621527, -13.128751 8.635138, -13.152639 8.640695, -13.159861 8.653749, -13.148472 8.664306, -13.154583 8.651249, -13.151807 8.645139, -13.143194 8.642639, -13.131527 8.645695, -13.124307 8.637916, -13.111806 8.641251, -13.104027 8.646249, -13.095694 8.65514, -13.094028 8.651805, -13.112362 8.638751, -13.122916 8.634028, -13.101249 8.615417, -13.094306 8.617639, -13.08764 8.615139, -13.077083 8.616527, -13.06236 8.627084, -13.059862 8.632084, -13.059306 8.654862, -13.064306 8.667917, -13.067916 8.670417, -13.06736 8.677917, -13.059306 8.663472, -13.055696 8.681806, -13.053749 8.668473, -13.056527 8.65514, -13.051805 8.645139, -13.042085 8.650417, -13.035416 8.649583, -13.029027 8.65422, -13.022361 8.65264, -13.030693 8.645695, -13.045139 8.646249, -13.054027 8.63625, -13.054861 8.63014, -13.06663 8.615417, -13.080417 8.608472, -13.09486 8.604584, -13.095694 8.599584, -13.090972 8.592639, -13.089862 8.584582, -13.070973 8.582916, -13.065972 8.575416, -13.057084 8.574028, -13.049583 8.586804, -13.030415 8.595971, -13.020973 8.604028, -13.018195 8.595417, -13.00625 8.594861, -12.997361 8.60125, -12.984306 8.600418, -12.969305 8.592917, -12.969305 8.599306, -12.95514 8.581806, -12.95486 8.577362, -12.944305 8.574306, -12.928194 8.565973, -12.917917 8.55625, -12.916251 8.54625, -12.93125 8.534029, -12.944027 8.529028, -12.939861 8.524862, -12.942083 8.518471, -12.952084 8.509861, -12.954584 8.49986, -12.955694 8.506529, -12.941805 8.524028, -12.957362 8.532082, -12.960138 8.530138, -12.967917 8.536805, -12.967917 8.553472, -12.974305 8.559029, -12.994861 8.558473, -12.999305 8.554028, -13.012362 8.555138, -13.022917 8.564027, -13.027361 8.555416, -13.028749 8.546288, -13.042638 8.534029, -13.027845 8.522916, -13.026249 8.52625, -13.022917 8.514583, -13.037362 8.500972, -13.025695 8.486805, -13.021249 8.487083, -13.012638 8.478751, -13.020973 8.479304, -13.020695 8.472916, -13.028471 8.486527, -13.037638 8.495416, -13.039028 8.504026, -13.025695 8.517083, -13.047083 8.527916, -13.051805 8.52625, -13.055417 8.512639, -13.062084 8.50125, -13.067084 8.497916, -13.078195 8.497362, -13.083471 8.486527, -13.093194 8.484861, -13.106249 8.486805, -13.107639 8.470418, -13.11014 8.461527, -13.112637 8.46764, -13.120694 8.465972, -13.125417 8.456527, -13.136805 8.454029, -13.13875 8.450416, -13.133473 8.438193, -13.117362 8.430139, -13.11014 8.429027, -13.102083 8.423472, -13.083749 8.418472, -13.077639 8.420416, -13.074861 8.425973, -13.06764 8.412918, -13.076251 8.414584, -13.081249 8.412084, -13.075417 8.397917, -13.069307 8.390418, -13.065416 8.380971, -13.059028 8.378749, -13.042638 8.377639, -13.039584 8.373954, -13.026871 8.370534, -13.014971 8.370534, -13.005671 8.378034, -12.986471 8.371534, -12.973871 8.371234, -12.947571 8.377334, -12.923671 8.377134, -12.910471 8.370134, -12.908971 8.363134, -12.913271 8.352834, -12.904571 8.320334, -12.903771 8.303534, -12.896171 8.296134, -12.886671 8.302334, -12.876971 8.304434, -12.870971 8.311534, -12.866671 8.324834, -12.855071 8.339734, -12.841071 8.345934, -12.826171 8.357134, -12.815171 8.363434, -12.817071 8.378034, -12.814071 8.385934, -12.805475 8.387918, -12.803671 8.388334, -12.781671 8.379534, -12.766471 8.376934, -12.752171 8.370334, -12.731771 8.353034, -12.722071 8.356234, -12.720271 8.367234, -12.713071 8.369734, -12.701671 8.364434, -12.689971 8.364534, -12.671871 8.373534, -12.667971 8.383834, -12.661071 8.393434, -12.649471 8.402834, -12.630571 8.409634, -12.620171 8.421434, -12.603571 8.430034, -12.601771 8.437834, -12.605471 8.454634, -12.599871 8.459534, -12.580871 8.464034, -12.573071 8.464334, -12.556171 8.445434, -12.547071 8.437934, -12.541671 8.429634, -12.535471 8.426434, -12.526371 8.429434, -12.518371 8.451734, -12.510971 8.456334, -12.496571 8.453734, -12.482371 8.453634, -12.456771 8.460234, -12.447071 8.465334, -12.437471 8.478234, -12.422271 8.491634, -12.418771 8.497334, -12.404871 8.496934, -12.390371 8.494534, -12.375571 8.498034, -12.366171 8.505934, -12.355871 8.517634, -12.340971 8.521134, -12.332771 8.528334, -12.327471 8.538334, -12.320571 8.541834, -12.310271 8.542634, -12.296171 8.546934, -12.287671 8.551934, -12.269571 8.558834, -12.271671 8.568234, -12.282271 8.575534, -12.295571 8.580334, -12.317771 8.591434, -12.321571 8.600134, -12.319771 8.608534, -12.320071 8.628834, -12.326371 8.637134, -12.347271 8.635834, -12.361471 8.639834, -12.374271 8.647834, -12.378771 8.659434, -12.375871 8.682134, -12.369871 8.690334, -12.355371 8.691834, -12.339971 8.699834, -12.327871 8.713134, -12.336771 8.724934, -12.335971 8.733634, -12.326271 8.750034, -12.324371 8.773034, -12.321871 8.781634, -12.312571 8.796034, -12.306871 8.815134, -12.309471 8.824034, -12.322471 8.842034, -12.327971 8.853834, -12.328471 8.860834, -12.324871 8.882734, -12.338171 8.875834, -12.348271 8.874934, -12.354771 8.879834, -12.381371 8.906134, -12.403771 8.923934, -12.420171 8.931934, -12.449271 8.934634, -12.458571 8.950034, -12.462871 8.964734, -12.46775 8.976757, -12.471271 8.985434, -12.47692 8.991793, -12.490771 8.998634, -12.501171 8.999234, -12.508371 8.997034, -12.522271 8.997634, -12.548671 9.009134, -12.565782 9.026247, -12.554671 9.038034, -12.545171 9.045334, -12.541271 9.052834, -12.546571 9.066434, -12.544071 9.073834, -12.533871 9.080434, -12.529971 9.079934, -12.529871 9.070734, -12.522371 9.067134, -12.516171 9.069434, -12.507571 9.079934, -12.498271 9.072734, -12.490171 9.071134, -12.478771 9.076934, -12.484571 9.093234, -12.488671 9.105734, -12.483871 9.115434, -12.470871 9.118434, -12.456971 9.132534, -12.441171 9.144734, -12.431771 9.159634, -12.428371 9.173034, -12.432771 9.182534, -12.433171 9.190034, -12.427971 9.207634, -12.429071 9.217634, -12.437571 9.233334, -12.471971 9.256934, -12.479471 9.258834, -12.485471 9.250134, -12.491371 9.251434, -12.497771 9.270634, -12.502371 9.274634, -12.509671 9.274234, -12.513571 9.268634, -12.522071 9.228334, -12.530171 9.228934, -12.532471 9.241534, -12.537371 9.250934, -12.548171 9.250534, -12.552171 9.243734, -12.555171 9.221534, -12.566771 9.212834, -12.584671 9.215634, -12.593271 9.215134, -12.611971 9.203034, -12.630571 9.196734, -12.636771 9.192934, -12.648571 9.181334, -12.652671 9.174434, -12.653271 9.166434, -12.650671 9.150834, -12.651971 9.143434, -12.659571 9.130834, -12.660571 9.120734, -12.657871 9.112234, -12.659071 9.102934, -12.673771 9.100834, -12.682471 9.096634, -12.694171 9.080934, -12.707371 9.069434, -12.717971 9.057334, -12.723371 9.040734, -12.721071 9.024834, -12.721771 9.010034, -12.732171 9.016334, -12.737371 9.022934, -12.742071 9.034934, -12.755571 9.057834, -12.756671 9.067834, -12.745771 9.086034, -12.737771 9.091534, -12.733671 9.099434, -12.737671 9.103834, -12.745271 9.104634, -12.782671 9.104034, -12.799071 9.101434, -12.798971 9.082134, -12.796371 9.072834, -12.796271 9.061034, -12.803471 9.037334, -12.805475 9.033734, -12.808871 9.027634))",/sites/default/files/open-data/district-photos/2023-04/bo-district-council.jpg,APC,APC,,No,FF333C
65,"Pujehun District is a district in the Southern Province of Sierra Leone. Pujehun District is one of the sixteen Districts of Sierra Leone. Its capital and largest city is the town of Pujehun. The other major towns in the district include Gandorhun, Zimmi, Gendema, Masam, Bomi and Potoru",Pujehun,South,Pujehun,26086,113469,98475,82055,101251,115789,,,,,,,"POINT (-11.705301 7.353866)","POLYGON ((-11.719593 7.624776, -11.719271 7.631734, -11.716871 7.641034, -11.721771 7.654634, -11.723171 7.659834, -11.736971 7.659334, -11.748471 7.653634, -11.754871 7.646434, -11.756771 7.639334, -11.756271 7.633934, -11.754571 7.626934, -11.755461 7.623796, -11.756471 7.620234, -11.762671 7.613834, -11.767771 7.610434, -11.770071 7.607734, -11.771771 7.602734, -11.771771 7.597134, -11.768971 7.587434, -11.769171 7.582934, -11.773271 7.578534, -11.781571 7.578134, -11.788571 7.580534, -11.798071 7.581434, -11.805171 7.580434, -11.821571 7.573034, -11.827471 7.569634, -11.831071 7.564034, -11.830971 7.559234, -11.829471 7.554834, -11.824571 7.544634, -11.821071 7.526934, -11.823671 7.519834, -11.829271 7.514634, -11.837771 7.503234, -11.845171 7.491234, -11.847871 7.489134, -11.860471 7.483534, -11.866171 7.474334, -11.869371 7.471234, -11.880471 7.466234, -11.883971 7.463334, -11.886071 7.459434, -11.887171 7.450234, -11.888671 7.445434, -11.895971 7.437034, -11.897271 7.433334, -11.897271 7.428134, -11.892971 7.422334, -11.886971 7.420034, -11.883571 7.417734, -11.880371 7.413934, -11.878571 7.406834, -11.877471 7.393334, -11.875371 7.386134, -11.875871 7.377134, -11.884071 7.362534, -11.885171 7.358634, -11.882871 7.348934, -11.877171 7.340834, -11.870371 7.330034, -11.871771 7.325034, -11.874671 7.321134, -11.880371 7.301734, -11.881871 7.292734, -11.884671 7.286034, -11.889171 7.280834, -11.900371 7.274634, -11.905571 7.268134, -11.906771 7.263334, -11.906371 7.258434, -11.904871 7.255234, -11.898971 7.249334, -11.895271 7.247334, -11.889371 7.246234, -11.877271 7.246134, -11.871271 7.245534, -11.858471 7.241634, -11.849071 7.237134, -11.847871 7.226334, -11.849271 7.218734, -11.851171 7.215034, -11.856771 7.207034, -11.860071 7.187034, -11.874271 7.181434, -11.882071 7.181234, -11.895471 7.185534, -11.904671 7.186634, -11.922271 7.187034, -11.926871 7.187634, -11.934371 7.189834, -11.940371 7.190034, -11.946871 7.186934, -11.937084 7.18236, -11.923749 7.176806, -11.920417 7.175972, -11.895695 7.164305, -11.88375 7.159585, -11.868749 7.151528, -11.854584 7.144583, -11.852916 7.144861, -11.843473 7.139861, -11.836805 7.137361, -11.817361 7.127084, -11.804585 7.12125, -11.800972 7.118471, -11.787917 7.113195, -11.787083 7.112083, -11.769584 7.102638, -11.765418 7.10125, -11.753751 7.094862, -11.750972 7.09264, -11.741806 7.088473, -11.732639 7.082361, -11.726807 7.07986, -11.717362 7.073472, -11.703473 7.065418, -11.702361 7.064305, -11.682639 7.053473, -11.676529 7.049306, -11.664028 7.042362, -11.657083 7.036805, -11.650973 7.032917, -11.650139 7.030973, -11.640138 7.02236, -11.630971 7.016806, -11.627083 7.013193, -11.621251 7.021528, -11.617916 7.022084, -11.614028 7.02486, -11.610416 7.025695, -11.608194 7.029583, -11.607918 7.027083, -11.610416 7.024304, -11.612916 7.024028, -11.616807 7.020972, -11.619861 7.020416, -11.622917 7.017084, -11.624029 7.010971, -11.619307 7.007083, -11.613472 6.99625, -11.613194 6.991806, -11.611528 6.991806, -11.610972 6.986528, -11.60764 6.98625, -11.609028 6.984027, -11.602639 6.979583, -11.597639 6.977639, -11.597083 6.974027, -11.605972 6.977917, -11.60625 6.979305, -11.614028 6.982917, -11.612916 6.980695, -11.608472 6.977917, -11.598751 6.973473, -11.595973 6.972917, -11.58514 6.967638, -11.580972 6.966528, -11.571805 6.962084, -11.569583 6.962362, -11.566527 6.959584, -11.555972 6.955971, -11.551249 6.952917, -11.544168 6.950811, -11.540973 6.949861, -11.536804 6.946805, -11.521249 6.94125, -11.512917 6.93625, -11.511251 6.93625, -11.50375 6.930971, -11.501806 6.930418, -11.497362 6.922361, -11.489305 6.919861, -11.485695 6.91783, -11.47769 6.918249, -11.466684 6.922149, -11.461477 6.922153, -11.456975 6.917616, -11.453083 6.920845, -11.452415 6.92539, -11.449181 6.929939, -11.442685 6.933171, -11.434245 6.937066, -11.427793 6.937075, -11.421305 6.935801, -11.415479 6.932546, -11.416742 6.945517, -11.423806 6.953749, -11.4245 6.954558, -11.429692 6.963602, -11.423199 6.965553, -11.417371 6.963618, -11.410873 6.968169, -11.412803 6.976597, -11.410226 6.984367, -11.395304 6.981785, -11.392729 6.987615, -11.393335 6.997324, -11.388818 7.003156, -11.381661 7.005107, -11.375209 7.005777, -11.371316 7.009665, -11.366088 7.021325, -11.367392 7.032976, -11.364784 7.034262, -11.366726 7.035579, -11.361299 7.043196, -11.360471 7.046733, -11.368638 7.054336, -11.371845 7.065326, -11.367945 7.073098, -11.36083 7.075051, -11.356595 7.073775, -11.351112 7.075724, -11.343106 7.07524, -11.329738 7.074432, -11.333583 7.100334, -11.330964 7.108764, -11.335506 7.111983, -11.336156 7.118469, -11.343106 7.124604, -11.347139 7.128164, -11.350353 7.135269, -11.345156 7.14046, -11.343106 7.142509, -11.342567 7.143047, -11.33418 7.137892, -11.327684 7.140465, -11.326395 7.145012, -11.332211 7.153431, -11.326994 7.158605, -11.317267 7.164444, -11.318577 7.17155, -11.310789 7.180648, -11.3114 7.187096, -11.307503 7.193587, -11.308809 7.203296, -11.30297 7.209131, -11.299084 7.207854, -11.2991 7.198765, -11.289381 7.198777, -11.292622 7.191005, -11.284183 7.194278, -11.282884 7.203991, -11.282872 7.209817, -11.278325 7.211104, -11.277028 7.218874, -11.272482 7.218881, -11.27185 7.224048, -11.269241 7.227314, -11.270515 7.233139, -11.266007 7.233144, -11.262138 7.227335, -11.249145 7.227961, -11.242023 7.233796, -11.241355 7.237681, -11.232289 7.24484, -11.22712 7.244847, -11.223236 7.242249, -11.21997 7.242914, -11.211567 7.24809, -11.203795 7.246819, -11.196641 7.249392, -11.190777 7.255228, -11.183686 7.255894, -11.175901 7.263673, -11.174618 7.263946, -11.180436 7.270777, -11.176548 7.271442, -11.173268 7.279875, -11.17715 7.283754, -11.174577 7.28764, -11.170028 7.288928, -11.168074 7.296039, -11.168063 7.302525, -11.162235 7.301873, -11.154459 7.302543, -11.151227 7.306432, -11.14733 7.312923, -11.140671 7.316434, -11.149171 7.318034, -11.156371 7.320234, -11.165371 7.322134, -11.173171 7.325334, -11.204371 7.340834, -11.211971 7.345034, -11.222871 7.353434, -11.245271 7.365034, -11.253171 7.368234, -11.258971 7.369234, -11.274571 7.369434, -11.280671 7.370034, -11.284471 7.371334, -11.301871 7.379334, -11.310971 7.381234, -11.318171 7.383434, -11.327271 7.385334, -11.341971 7.391934, -11.343106 7.392895, -11.349171 7.398034, -11.353771 7.408134, -11.357171 7.422834, -11.356971 7.426234, -11.354171 7.438934, -11.349971 7.444534, -11.351271 7.452834, -11.353971 7.462734, -11.354971 7.472634, -11.355171 7.487234, -11.354771 7.500234, -11.353671 7.505334, -11.348771 7.518634, -11.347071 7.529034, -11.343106 7.539513, -11.342871 7.540134, -11.340671 7.550334, -11.340671 7.559134, -11.342571 7.567334, -11.343106 7.568331, -11.349971 7.581134, -11.353571 7.591134, -11.356971 7.602634, -11.361471 7.607534, -11.366671 7.609834, -11.371171 7.610134, -11.385371 7.604834, -11.393271 7.604434, -11.403671 7.594134, -11.412871 7.587434, -11.416371 7.583934, -11.423771 7.572934, -11.430771 7.561134, -11.435471 7.556634, -11.437371 7.553434, -11.441571 7.540534, -11.444971 7.534434, -11.448571 7.531134, -11.456471 7.529134, -11.466171 7.529934, -11.474871 7.532534, -11.495071 7.534034, -11.497771 7.543134, -11.498171 7.549134, -11.498271 7.561534, -11.498071 7.576834, -11.497471 7.581134, -11.495671 7.589234, -11.495571 7.594834, -11.498171 7.607134, -11.499271 7.620734, -11.500871 7.626734, -11.50235 7.630648, -11.502571 7.631234, -11.504371 7.634534, -11.513971 7.646734, -11.516771 7.648734, -11.521971 7.651634, -11.535871 7.657634, -11.541171 7.656434, -11.546071 7.653634, -11.549071 7.650534, -11.550671 7.647334, -11.551371 7.643634, -11.551171 7.639134, -11.54863 7.629406, -11.548271 7.628034, -11.547171 7.616634, -11.547071 7.606934, -11.548471 7.601034, -11.550971 7.598234, -11.553971 7.596834, -11.558871 7.596334, -11.566071 7.596834, -11.581671 7.591034, -11.586071 7.587634, -11.588871 7.584534, -11.590971 7.581034, -11.594671 7.568734, -11.598771 7.559034, -11.601071 7.555234, -11.603771 7.552934, -11.610771 7.549634, -11.614371 7.546534, -11.617771 7.542334, -11.625771 7.536334, -11.632271 7.533334, -11.636571 7.532834, -11.645371 7.532934, -11.649671 7.533734, -11.653671 7.535434, -11.662571 7.541234, -11.665971 7.543834, -11.669871 7.547934, -11.680671 7.564334, -11.683071 7.567234, -11.685971 7.569534, -11.693571 7.573134, -11.697771 7.573934, -11.702071 7.574034, -11.707771 7.573134, -11.713571 7.571134, -11.721171 7.569734, -11.727171 7.568134, -11.730971 7.571534, -11.738371 7.575534, -11.741371 7.580934, -11.740771 7.584934, -11.738671 7.588634, -11.726071 7.601334, -11.722671 7.605934, -11.720071 7.614434, -11.719593 7.624776))",/sites/default/files/open-data/district-photos/2023-04/pujehun-district-council.jpg,SLPP,SLPP,,No,009900
58,"Tonkolili District is a district in the Northern Province of Sierra Leone. Its capital and largest city is Magburaka. The other major towns include Masingbi, Yele, Mile 91, Bumbuna, Yonibana, Matotoka. Mathora, Magbass and Masanga. Tonkolili District is home to the largest sugar factory in Sierra Leone, and one of the largest sugar factories in West Africa, that is located in the town of Magbass. Tonkolili District had a population of 530,776. The district occupies a total area of 7,003 km2 (2,704 sq mi) and comprises eleven chiefdoms.Tonkolili District borders Bombali District to the northwest, Kono District to the east, Kenema District and Bo District to the southeast, Port Loko and Koinadugu Districts. Tonkolili is strategically located in the center of Sierra Leone. The district is criss crossed by many rivers including the Pampana River and Sierra Leone's longest river, the Rokel.The Temne people make up the overwhelming majority of the population of Tonkolili District. The vast majority of the population of Tonkolili District are Muslims.",Tonkolili,North,Magburaka,115385,196638,169504,187997,204231,207342,,,,,,,"POINT (-11.956104 8.720411)","POLYGON ((-12.113571 8.287734, -12.105871 8.284234, -12.091071 8.271134, -12.083271 8.267034, -12.073371 8.265734, -12.071828 8.265056, -12.064271 8.261734, -12.048471 8.248934, -12.033671 8.247834, -12.027171 8.252934, -12.026771 8.261334, -12.029571 8.272034, -12.031971 8.289634, -12.037071 8.297434, -12.046471 8.301734, -12.054471 8.311034, -12.052871 8.319034, -12.044171 8.333034, -12.039871 8.342834, -12.032171 8.350734, -12.020971 8.358034, -12.003571 8.367734, -11.993671 8.377234, -11.987971 8.368934, -11.980171 8.364734, -11.970671 8.364734, -11.954271 8.356834, -11.925671 8.345934, -11.909371 8.341834, -11.894471 8.340234, -11.868171 8.334234, -11.855371 8.334534, -11.844271 8.338434, -11.826171 8.351034, -11.822971 8.360134, -11.816571 8.368634, -11.811271 8.373134, -11.795171 8.381134, -11.774871 8.386434, -11.770071 8.389034, -11.764771 8.395334, -11.757371 8.415234, -11.743371 8.431634, -11.734871 8.448634, -11.730771 8.464534, -11.728071 8.470834, -11.717471 8.481934, -11.710271 8.487034, -11.698371 8.480334, -11.676471 8.483234, -11.667371 8.485534, -11.652671 8.486434, -11.609471 8.486334, -11.591371 8.487534, -11.579971 8.493834, -11.569671 8.507234, -11.550671 8.526534, -11.545971 8.530134, -11.535371 8.534534, -11.521771 8.534234, -11.509071 8.530034, -11.496971 8.524634, -11.482771 8.524634, -11.466971 8.529934, -11.448471 8.531734, -11.438071 8.534334, -11.429471 8.534434, -11.411771 8.529934, -11.395671 8.521034, -11.389471 8.519934, -11.380471 8.521834, -11.369571 8.529334, -11.359571 8.531734, -11.351371 8.543834, -11.344871 8.547134, -11.340771 8.552534, -11.340271 8.562034, -11.342271 8.569134, -11.347471 8.578834, -11.355771 8.615934, -11.356971 8.634534, -11.354571 8.645534, -11.370771 8.646634, -11.380071 8.652434, -11.385371 8.661934, -11.386471 8.667434, -11.387271 8.689534, -11.393471 8.706534, -11.396071 8.724134, -11.399571 8.731434, -11.399171 8.749134, -11.402271 8.757134, -11.410871 8.768034, -11.416971 8.782034, -11.429371 8.800334, -11.432071 8.807134, -11.433771 8.819834, -11.444171 8.849034, -11.447471 8.864034, -11.457371 8.883234, -11.464371 8.903334, -11.469071 8.911634, -11.476571 8.914934, -11.479271 8.927034, -11.478871 8.937334, -11.469171 8.952334, -11.463771 8.970034, -11.452771 8.979534, -11.447271 8.985834, -11.445971 8.996834, -11.446671 9.002334, -11.450231 9.010033, -11.450971 9.011634, -11.460171 9.023034, -11.461471 9.028234, -11.459471 9.039234, -11.452771 9.059234, -11.450971 9.068134, -11.451271 9.088734, -11.454471 9.102534, -11.454571 9.121334, -11.444871 9.132834, -11.421171 9.145634, -11.432671 9.152534, -11.439871 9.154234, -11.452171 9.159434, -11.464871 9.163434, -11.484771 9.167234, -11.513571 9.163334, -11.517571 9.161334, -11.533671 9.145734, -11.548371 9.140334, -11.558271 9.135334, -11.575671 9.133634, -11.584571 9.131434, -11.599471 9.129934, -11.613171 9.122534, -11.626671 9.108334, -11.631671 9.101234, -11.642671 9.090534, -11.653471 9.082834, -11.666971 9.078334, -11.683671 9.078634, -11.689171 9.080934, -11.695871 9.086934, -11.704371 9.100034, -11.706271 9.111134, -11.705371 9.122734, -11.703071 9.132334, -11.702871 9.156434, -11.704171 9.168934, -11.703171 9.183034, -11.703371 9.206234, -11.705771 9.217834, -11.712571 9.234334, -11.714971 9.246234, -11.715471 9.264334, -11.718071 9.279834, -11.727871 9.269934, -11.733571 9.255534, -11.736871 9.240434, -11.737671 9.214334, -11.743571 9.203934, -11.747771 9.201234, -11.760471 9.197634, -11.782271 9.197934, -11.791271 9.200434, -11.809071 9.203234, -11.812771 9.179334, -11.817671 9.162334, -11.825771 9.140134, -11.825771 9.128334, -11.820671 9.113034, -11.821671 9.098634, -11.818471 9.087034, -11.812271 9.082134, -11.790771 9.078634, -11.766071 9.078734, -11.756871 9.075934, -11.754371 9.071534, -11.754871 9.062634, -11.758471 9.057734, -11.769571 9.053934, -11.775071 9.047934, -11.777071 9.038834, -11.779871 9.034034, -11.787471 9.028334, -11.791171 9.018834, -11.796571 9.014034, -11.806971 9.011934, -11.816671 9.017034, -11.823471 9.018334, -11.829071 9.016734, -11.833971 9.011634, -11.836319 8.997736, -11.836471 8.996834, -11.842571 8.989734, -11.855071 8.992334, -11.865171 8.989434, -11.873871 8.978334, -11.886671 8.968234, -11.889471 8.964034, -11.887671 8.955334, -11.877571 8.940134, -11.876571 8.933634, -11.878471 8.925134, -11.885871 8.909234, -11.881071 8.902934, -11.873771 8.889134, -11.872271 8.881534, -11.875871 8.871634, -11.885371 8.863534, -11.889171 8.856934, -11.890571 8.850234, -11.891471 8.828034, -11.893571 8.823734, -11.893671 8.814634, -11.887871 8.801234, -11.888971 8.790034, -11.896271 8.776334, -11.898771 8.764934, -11.904171 8.755434, -11.909971 8.749334, -11.926171 8.737734, -11.933671 8.734434, -11.946671 8.725434, -11.953671 8.718234, -11.968071 8.710534, -11.986371 8.705534, -12.001671 8.679534, -12.012071 8.677034, -12.027771 8.682534, -12.042771 8.683134, -12.054671 8.679934, -12.067871 8.681234, -12.071828 8.687034, -12.075171 8.691934, -12.078571 8.694134, -12.085271 8.691834, -12.086371 8.688234, -12.085171 8.676634, -12.087671 8.672034, -12.095071 8.666234, -12.105171 8.663534, -12.115071 8.655834, -12.127171 8.641834, -12.135971 8.638734, -12.150471 8.638034, -12.157071 8.646734, -12.164771 8.662734, -12.176371 8.680234, -12.182671 8.694234, -12.189471 8.712234, -12.190071 8.716734, -12.202871 8.717134, -12.214671 8.715734, -12.227671 8.710434, -12.234671 8.712634, -12.237371 8.720434, -12.237871 8.730034, -12.242171 8.734834, -12.248971 8.731934, -12.256271 8.717334, -12.259271 8.714734, -12.264771 8.715534, -12.266771 8.723234, -12.260171 8.731934, -12.256571 8.739434, -12.259771 8.741834, -12.267771 8.739434, -12.275471 8.741934, -12.281971 8.755934, -12.287971 8.757934, -12.293571 8.756534, -12.298971 8.752034, -12.309771 8.729834, -12.310971 8.722734, -12.308771 8.712334, -12.311271 8.706834, -12.319671 8.706734, -12.327871 8.713134, -12.334671 8.707734, -12.339971 8.699834, -12.346271 8.695334, -12.355371 8.691834, -12.369871 8.690334, -12.375871 8.682134, -12.376571 8.668334, -12.378771 8.659434, -12.377971 8.652334, -12.374271 8.647834, -12.361471 8.639834, -12.347271 8.635834, -12.330371 8.637534, -12.323471 8.635334, -12.320071 8.628834, -12.321071 8.619934, -12.319771 8.608534, -12.321571 8.600134, -12.317771 8.591434, -12.295571 8.580334, -12.282271 8.575534, -12.271671 8.568234, -12.269571 8.558834, -12.287671 8.551934, -12.296171 8.546934, -12.310271 8.542634, -12.320571 8.541834, -12.327471 8.538334, -12.332771 8.528334, -12.336371 8.524134, -12.340971 8.521134, -12.355871 8.517634, -12.362071 8.512134, -12.366171 8.505934, -12.375571 8.498034, -12.390371 8.494534, -12.404871 8.496934, -12.418771 8.497334, -12.422271 8.491634, -12.437471 8.478234, -12.447071 8.465334, -12.456771 8.460234, -12.466571 8.458734, -12.482371 8.453634, -12.496571 8.453734, -12.510971 8.456334, -12.518371 8.451734, -12.522071 8.438634, -12.526371 8.429434, -12.535471 8.426434, -12.541671 8.429634, -12.547071 8.437934, -12.556171 8.445434, -12.573071 8.464334, -12.580871 8.464034, -12.588971 8.461234, -12.599871 8.459534, -12.605471 8.454634, -12.605671 8.450534, -12.601771 8.437834, -12.603571 8.430034, -12.614371 8.425434, -12.620171 8.421434, -12.630571 8.409634, -12.639271 8.405334, -12.649471 8.402834, -12.654471 8.399634, -12.665971 8.387634, -12.671871 8.373534, -12.654271 8.374134, -12.650171 8.373134, -12.638971 8.365934, -12.632871 8.359334, -12.626071 8.356034, -12.616271 8.354534, -12.604971 8.350834, -12.596371 8.345934, -12.583271 8.340634, -12.574071 8.333434, -12.568471 8.325434, -12.567071 8.314034, -12.569571 8.304134, -12.570171 8.292434, -12.559671 8.294134, -12.548971 8.298334, -12.530871 8.295334, -12.514671 8.286534, -12.509358 8.285666, -12.504271 8.284834, -12.494871 8.285434, -12.491874 8.286218, -12.484171 8.288234, -12.458071 8.290634, -12.453315 8.287435, -12.452571 8.286934, -12.447471 8.280234, -12.438971 8.272934, -12.435098 8.288008, -12.432471 8.298234, -12.431871 8.313034, -12.426971 8.318234, -12.421271 8.314134, -12.415771 8.305434, -12.408671 8.305134, -12.394271 8.316634, -12.386971 8.325934, -12.371771 8.341234, -12.360471 8.347534, -12.350571 8.348334, -12.338671 8.344034, -12.311471 8.330734, -12.299671 8.329634, -12.286271 8.334334, -12.276171 8.346734, -12.267871 8.351834, -12.250371 8.351634, -12.241371 8.347534, -12.232071 8.341334, -12.219171 8.335034, -12.204571 8.333134, -12.194471 8.329934, -12.176471 8.329934, -12.165071 8.328034, -12.151371 8.321334, -12.145771 8.316834, -12.132231 8.29742, -12.132171 8.297334, -12.113571 8.287734))",/sites/default/files/open-data/district-photos/2023-04/Magburaka.JPG,APC,APC,,No,FF333C
66,"The region is divided into various constituencies, wards, and villages. For the purpose of electing members of parliament and Councilors to the Western Rural district, the region is divided into 8 constituencies and 27 wards . The district capital and largest city is Waterloo. Other major towns in the district include Newton, Benguema, Leicester, Tombo, and Regent. Most of the towns and villages in the Western area rural District are close to the capital Freetown, and are part of the Freetown Metropolitan Area. The Western Area Rural District is bordered by the country's capital Freetown to the east and west; Port Loko District to the north; and the Atlantic Ocean to the south and east","Western Area Rural","West, Western Rural",Waterloo,41246,237636,113368,164403,282355,341764,,,,,442951,442947,"POINT (-13.072154 8.326334)","POLYGON ((-13.066806 8.369582, -13.067084 8.370695, -13.06764 8.370973, -13.068472 8.375417, -13.071807 8.377361, -13.072917 8.379305, -13.074029 8.379305, -13.075695 8.381251, -13.077917 8.381805, -13.080139 8.384306, -13.080139 8.386528, -13.081527 8.389028, -13.082639 8.392638, -13.084584 8.395138, -13.08625 8.399305, -13.088194 8.401251, -13.089306 8.403473, -13.090416 8.408471, -13.091806 8.410974, -13.092362 8.413194, -13.093194 8.413472, -13.093194 8.414306, -13.095694 8.414584, -13.097363 8.412362, -13.100695 8.411806, -13.102361 8.410693, -13.105417 8.410974, -13.106527 8.409861, -13.105695 8.407361, -13.105695 8.403751, -13.107639 8.401527, -13.110971 8.402083, -13.112084 8.400973, -13.112084 8.399305, -13.110971 8.398473, -13.111528 8.395138, -13.112918 8.395416, -13.111806 8.398195, -13.112918 8.399861, -13.112362 8.401807, -13.110415 8.403473, -13.107361 8.403473, -13.106529 8.404305, -13.106805 8.407639, -13.108195 8.410693, -13.109861 8.411806, -13.11014 8.412916, -13.115972 8.415416, -13.118194 8.414028, -13.125695 8.41375, -13.127917 8.411528, -13.127917 8.41014, -13.129305 8.409305, -13.130695 8.405973, -13.130695 8.408471, -13.128473 8.411249, -13.126805 8.41514, -13.128473 8.417362, -13.129861 8.418194, -13.132361 8.418194, -13.132639 8.417362, -13.130417 8.415972, -13.130417 8.414584, -13.132361 8.412362, -13.134305 8.412362, -13.135971 8.414306, -13.137918 8.412084, -13.138471 8.412918, -13.136805 8.415416, -13.135139 8.415694, -13.133749 8.413472, -13.131527 8.414584, -13.133749 8.418194, -13.131805 8.419028, -13.129027 8.418472, -13.126251 8.41514, -13.119862 8.41514, -13.117916 8.417638, -13.118194 8.42014, -13.122084 8.422916, -13.125973 8.424307, -13.128473 8.424582, -13.130695 8.427361, -13.132639 8.425973, -13.136805 8.425973, -13.139028 8.427083, -13.141528 8.427361, -13.141528 8.430417, -13.144584 8.432917, -13.146528 8.433749, -13.148472 8.435971, -13.151807 8.442084, -13.151807 8.444306, -13.153473 8.445694, -13.156807 8.451529, -13.158195 8.452639, -13.159305 8.454861, -13.162361 8.455695, -13.164305 8.457639, -13.16625 8.458473, -13.16875 8.461251, -13.169584 8.463749, -13.172916 8.468472, -13.173194 8.469584, -13.174035 8.469934, -13.176528 8.470972, -13.177638 8.472638, -13.180139 8.474584, -13.181529 8.478195, -13.184583 8.479029, -13.184861 8.482083, -13.186644 8.482917, -13.184771 8.474834, -13.190171 8.467034, -13.193671 8.461034, -13.200271 8.452034, -13.203971 8.443434, -13.207871 8.436034, -13.210815 8.432305, -13.217871 8.427634, -13.230171 8.416834, -13.235371 8.413534, -13.241171 8.409534, -13.246571 8.406134, -13.252271 8.401934, -13.259271 8.398334, -13.264271 8.396034, -13.266671 8.395734, -13.264861 8.391806, -13.262639 8.38875, -13.262639 8.38625, -13.264583 8.385694, -13.264027 8.383471, -13.260695 8.380417, -13.260417 8.379027, -13.258751 8.378473, -13.25625 8.376527, -13.25625 8.375417, -13.252638 8.373195, -13.251528 8.370695, -13.24986 8.36875, -13.249306 8.367084, -13.247084 8.364306, -13.245693 8.363472, -13.245418 8.362084, -13.244027 8.36125, -13.242917 8.35875, -13.241249 8.35764, -13.239861 8.354583, -13.237361 8.352917, -13.235973 8.350417, -13.235139 8.350417, -13.233473 8.353195, -13.233473 8.350973, -13.232082 8.347361, -13.233473 8.348195, -13.234583 8.347639, -13.234029 8.344582, -13.233195 8.344029, -13.229584 8.343751, -13.22875 8.343194, -13.225694 8.343194, -13.220694 8.34125, -13.219028 8.341528, -13.214861 8.339306, -13.213473 8.336528, -13.206804 8.33625, -13.20486 8.334584, -13.201528 8.334306, -13.20125 8.330974, -13.199862 8.330693, -13.200416 8.328749, -13.197362 8.322083, -13.197362 8.319583, -13.196528 8.318195, -13.19625 8.31236, -13.194306 8.30875, -13.192918 8.307916, -13.191249 8.305137, -13.190696 8.302083, -13.194306 8.300971, -13.19375 8.296251, -13.194306 8.295139, -13.189861 8.295695, -13.187917 8.293473, -13.187917 8.291529, -13.185973 8.290417, -13.185973 8.289029, -13.184583 8.284862, -13.186805 8.284028, -13.186805 8.282362, -13.184583 8.28125, -13.183195 8.282916, -13.177916 8.282638, -13.176807 8.28125, -13.175416 8.280972, -13.174306 8.282638, -13.174035 8.282638, -13.172638 8.282638, -13.171806 8.28375, -13.168472 8.28375, -13.165418 8.285416, -13.161527 8.285416, -13.164305 8.282916, -13.166806 8.281528, -13.170972 8.280416, -13.17125 8.277918, -13.16875 8.274861, -13.167084 8.269861, -13.171528 8.264583, -13.172638 8.264861, -13.172772 8.264127, -13.173194 8.261807, -13.174035 8.260965, -13.17486 8.260138, -13.175138 8.258472, -13.174035 8.257369, -13.172916 8.25625, -13.170416 8.255972, -13.167084 8.254862, -13.165972 8.253194, -13.165418 8.249027, -13.164305 8.246805, -13.163749 8.242639, -13.162639 8.242917, -13.162361 8.247083, -13.162917 8.250418, -13.161249 8.249584, -13.161805 8.245973, -13.160139 8.243473, -13.160139 8.242083, -13.161805 8.242083, -13.163196 8.240417, -13.163471 8.236526, -13.161249 8.235973, -13.160417 8.23236, -13.159027 8.230416, -13.158473 8.225694, -13.157639 8.224028, -13.157083 8.219027, -13.155695 8.216527, -13.155695 8.212917, -13.154029 8.211251, -13.155139 8.208472, -13.156527 8.206804, -13.158473 8.206528, -13.159305 8.202918, -13.162083 8.200972, -13.161527 8.199584, -13.161527 8.195415, -13.164027 8.194305, -13.164027 8.192361, -13.162361 8.190973, -13.162361 8.189027, -13.163196 8.188195, -13.162639 8.184029, -13.161249 8.183195, -13.161249 8.180694, -13.162361 8.179028, -13.162917 8.17625, -13.16514 8.175416, -13.16514 8.173472, -13.160693 8.169584, -13.156251 8.170972, -13.154861 8.173472, -13.152082 8.17625, -13.150138 8.176806, -13.14875 8.178194, -13.144862 8.17986, -13.141528 8.184029, -13.140418 8.184583, -13.13764 8.188195, -13.134027 8.189305, -13.134027 8.191249, -13.130971 8.194027, -13.130971 8.195693, -13.129861 8.196806, -13.124307 8.197084, -13.12236 8.195971, -13.120694 8.195971, -13.119584 8.197637, -13.117916 8.198472, -13.117638 8.199862, -13.114028 8.199306, -13.110696 8.201806, -13.106805 8.201528, -13.106805 8.20375, -13.104305 8.205972, -13.103195 8.20625, -13.101249 8.208472, -13.100973 8.211251, -13.099029 8.213473, -13.094306 8.213473, -13.09125 8.214861, -13.09125 8.216805, -13.087362 8.216805, -13.084862 8.218473, -13.081527 8.218193, -13.081805 8.224028, -13.080417 8.226528, -13.079027 8.22736, -13.078749 8.229306, -13.077639 8.230972, -13.076527 8.230972, -13.075973 8.233472, -13.074029 8.23236, -13.071251 8.232084, -13.070138 8.233472, -13.067084 8.233472, -13.064306 8.234582, -13.06264 8.235973, -13.06125 8.238195, -13.054861 8.238195, -13.053193 8.237082, -13.050139 8.237639, -13.046251 8.237361, -13.045139 8.237917, -13.042638 8.236526, -13.039306 8.236526, -13.035972 8.235416, -13.035972 8.23375, -13.03375 8.23486, -13.03014 8.235416, -13.026249 8.235416, -13.022639 8.238751, -13.020973 8.238751, -13.017639 8.240417, -13.017639 8.237361, -13.016529 8.234582, -13.01375 8.234306, -13.009862 8.234582, -13.009028 8.23375, -13.004862 8.23236, -13.00264 8.233194, -13.000971 8.235973, -12.999027 8.237082, -12.994029 8.237082, -12.990871 8.238234, -12.985671 8.241134, -12.981571 8.245034, -12.978171 8.250234, -12.974571 8.254434, -12.970271 8.257934, -12.965071 8.260734, -12.960971 8.262534, -12.957371 8.262734, -12.952771 8.261234, -12.948271 8.257634, -12.942971 8.256934, -12.935671 8.261834, -12.931871 8.263434, -12.919571 8.266134, -12.915071 8.267534, -12.911171 8.269834, -12.907084 8.272885, -12.904071 8.275134, -12.897971 8.279334, -12.896171 8.284134, -12.895871 8.288534, -12.896171 8.296134, -12.903771 8.303534, -12.903971 8.314334, -12.904571 8.320334, -12.906871 8.327634, -12.908871 8.336734, -12.910471 8.341134, -12.912971 8.346334, -12.913671 8.349634, -12.913271 8.352834, -12.910371 8.358934, -12.908971 8.363134, -12.908871 8.366934, -12.910471 8.370134, -12.912871 8.372134, -12.916871 8.374534, -12.923671 8.377134, -12.929371 8.378134, -12.936971 8.378234, -12.943171 8.377934, -12.947571 8.377334, -12.955271 8.375134, -12.966171 8.373334, -12.973871 8.371234, -12.976971 8.370834, -12.981771 8.370834, -12.986471 8.371534, -12.992571 8.373434, -12.998271 8.374834, -13.001971 8.376134, -13.005671 8.378034, -13.010871 8.373534, -13.014971 8.370534, -13.026871 8.370534, -13.033471 8.371534, -13.037571 8.373434, -13.039584 8.373954, -13.039028 8.370695, -13.040138 8.370138, -13.042916 8.376527, -13.044307 8.376251, -13.050695 8.376251, -13.059306 8.375417, -13.065972 8.375695, -13.065694 8.372085, -13.062084 8.365138, -13.066806 8.369582))",/sites/default/files/open-data/district-photos/2023-04/waterloo-station-sierra-leone-1.jpg,APC,APC,,Yes,FF333C
67,"The Western Area Urban District is one of the 16 districts of Sierra Leone. It is by far the most populous district in the country with a population of 1,050,301 and is located in the Western Area of the country. The Western Area Urban District exclusively comprises the entire city of Freetown, the national capital, and its divided into the East End of Freetown, Central Freetown and the West End of Freetown; which are in turns divided into wards and constituencies within the City of Freetown.","Western Area Urban","West, Western Urban",Freetown,286019,171161,492300,509186,606943,598022,,,,,1050301,1050301,"POINT (-13.243583 8.458318)","POLYGON ((-13.290139 8.431805, -13.289861 8.431805, -13.289861 8.429861, -13.289305 8.429583, -13.289305 8.429027, -13.288751 8.428751, -13.288751 8.426529, -13.289583 8.426248, -13.289861 8.425695, -13.290417 8.425695, -13.290971 8.425139, -13.291805 8.425139, -13.291805 8.42486, -13.292917 8.424029, -13.293473 8.424029, -13.294027 8.423472, -13.294027 8.422638, -13.293473 8.422082, -13.292917 8.422082, -13.292083 8.42125, -13.292083 8.420694, -13.291527 8.42014, -13.290695 8.42014, -13.290695 8.41986, -13.289861 8.41986, -13.288751 8.419306, -13.288195 8.418472, -13.286251 8.418472, -13.286251 8.41875, -13.285416 8.41875, -13.285138 8.419028, -13.285138 8.42014, -13.284863 8.42014, -13.284863 8.420694, -13.284582 8.420694, -13.284582 8.420972, -13.28375 8.420972, -13.282916 8.41986, -13.28236 8.419584, -13.282084 8.419028, -13.28125 8.418472, -13.28125 8.417916, -13.280138 8.417084, -13.279862 8.415972, -13.27875 8.41486, -13.278194 8.41486, -13.277916 8.414306, -13.277916 8.413472, -13.275696 8.411249, -13.274306 8.408749, -13.273193 8.407917, -13.272918 8.406527, -13.272362 8.406249, -13.272362 8.405417, -13.271805 8.404861, -13.271805 8.403751, -13.271249 8.403751, -13.271249 8.402639, -13.270971 8.402639, -13.270696 8.401527, -13.270415 8.401527, -13.270415 8.400139, -13.270139 8.400139, -13.270139 8.398473, -13.269583 8.397638, -13.267917 8.397082, -13.267361 8.396529, -13.267361 8.395972, -13.266671 8.395734, -13.264271 8.396034, -13.262056 8.39699, -13.259271 8.398334, -13.252271 8.401934, -13.246571 8.406134, -13.241171 8.409534, -13.235371 8.413534, -13.230171 8.416834, -13.217871 8.427634, -13.210815 8.432305, -13.207871 8.436034, -13.203971 8.443434, -13.200271 8.452034, -13.193671 8.461034, -13.190171 8.467034, -13.184771 8.474834, -13.186644 8.482917, -13.187917 8.482917, -13.188195 8.482083, -13.189583 8.481527, -13.192362 8.481527, -13.192918 8.482639, -13.193472 8.482639, -13.19375 8.483195, -13.19514 8.482917, -13.19514 8.482361, -13.19625 8.482083, -13.196528 8.480973, -13.197084 8.481251, -13.198194 8.481251, -13.19875 8.482083, -13.200138 8.481805, -13.200694 8.481251, -13.20236 8.481251, -13.203194 8.482361, -13.203194 8.483751, -13.20236 8.484027, -13.202084 8.484583, -13.202638 8.485417, -13.203194 8.485695, -13.20486 8.485695, -13.20486 8.486805, -13.20375 8.486805, -13.202638 8.487917, -13.202638 8.489583, -13.202916 8.489583, -13.202916 8.490693, -13.203989 8.490693, -13.204029 8.490974, -13.205138 8.490974, -13.205417 8.491527, -13.205973 8.491527, -13.206251 8.492084, -13.206804 8.492084, -13.207639 8.493194, -13.208195 8.493194, -13.208195 8.49375, -13.208751 8.493776, -13.208751 8.494306, -13.210139 8.494306, -13.210139 8.494028, -13.213473 8.494028, -13.213473 8.494306, -13.215417 8.494306, -13.215417 8.494584, -13.216805 8.494584, -13.216805 8.492362, -13.218749 8.491806, -13.219028 8.491249, -13.220137 8.491249, -13.220137 8.490974, -13.22375 8.490974, -13.22375 8.491249, -13.224862 8.491249, -13.225972 8.492084, -13.227084 8.492084, -13.22736 8.491527, -13.228194 8.491527, -13.22875 8.490693, -13.230138 8.490693, -13.230416 8.491249, -13.230972 8.491249, -13.231526 8.491806, -13.232082 8.493194, -13.233751 8.493194, -13.234583 8.492362, -13.236807 8.492362, -13.237361 8.491806, -13.237639 8.490693, -13.238195 8.490418, -13.238195 8.489861, -13.238749 8.489583, -13.238751 8.489027, -13.239305 8.489027, -13.239305 8.488471, -13.240139 8.488471, -13.240417 8.489027, -13.242361 8.489027, -13.243195 8.489861, -13.243195 8.490693, -13.243749 8.491249, -13.244305 8.491249, -13.244583 8.492362, -13.24514 8.49264, -13.245418 8.493472, -13.246249 8.493472, -13.246249 8.494028, -13.246806 8.494306, -13.248194 8.494306, -13.249028 8.49375, -13.25014 8.49375, -13.250972 8.493194, -13.252084 8.492918, -13.252084 8.491806, -13.252362 8.491249, -13.253194 8.490974, -13.253472 8.490418, -13.253472 8.489583, -13.25375 8.489583, -13.25375 8.487917, -13.253194 8.486249, -13.25375 8.485695, -13.25375 8.485139, -13.254584 8.484861, -13.255694 8.484861, -13.256528 8.485139, -13.25736 8.486249, -13.25736 8.487917, -13.258194 8.488195, -13.258478 8.488749, -13.259029 8.488751, -13.259307 8.489305, -13.259307 8.490693, -13.25986 8.491249, -13.260139 8.492362, -13.260695 8.49264, -13.261251 8.494028, -13.262917 8.494584, -13.263473 8.49514, -13.263751 8.495972, -13.264583 8.49625, -13.265695 8.49625, -13.265973 8.496806, -13.267361 8.496806, -13.267361 8.497084, -13.268749 8.497084, -13.270415 8.495416, -13.271249 8.49486, -13.271249 8.493194, -13.27264 8.49264, -13.27264 8.490139, -13.27375 8.489583, -13.27375 8.488195, -13.274306 8.487083, -13.27514 8.487083, -13.275416 8.486249, -13.275972 8.485695, -13.27625 8.484583, -13.277916 8.484583, -13.277916 8.483473, -13.278194 8.483473, -13.278194 8.482361, -13.277916 8.481529, -13.277362 8.480973, -13.277362 8.480139, -13.276806 8.479585, -13.276806 8.477916, -13.277084 8.477638, -13.278194 8.477638, -13.278194 8.477082, -13.279028 8.476528, -13.279028 8.475972, -13.279582 8.475416, -13.280138 8.475694, -13.279862 8.476528, -13.279028 8.477082, -13.27875 8.477638, -13.27875 8.478473, -13.279028 8.479304, -13.278472 8.479585, -13.27875 8.481251, -13.279306 8.481805, -13.279582 8.482639, -13.279582 8.485417, -13.279862 8.485417, -13.280416 8.487361, -13.28125 8.488471, -13.28125 8.489305, -13.280694 8.489861, -13.280416 8.490974, -13.279306 8.491249, -13.279306 8.491527, -13.276806 8.491527, -13.27625 8.491249, -13.275696 8.491806, -13.274862 8.491806, -13.27375 8.49264, -13.274028 8.493472, -13.274584 8.49375, -13.277638 8.49375, -13.277638 8.493472, -13.27875 8.493472, -13.279862 8.494028, -13.280138 8.495416, -13.280972 8.49625, -13.281806 8.49625, -13.282638 8.495694, -13.282638 8.49514, -13.284028 8.495416, -13.284863 8.496806, -13.285416 8.496806, -13.285973 8.497362, -13.285973 8.499028, -13.286804 8.499584, -13.289583 8.499584, -13.289861 8.499028, -13.290695 8.498472, -13.290695 8.497916, -13.291251 8.497638, -13.291805 8.496533, -13.292361 8.49625, -13.292361 8.495694, -13.291805 8.495416, -13.291805 8.494028, -13.293195 8.494028, -13.293195 8.494306, -13.294305 8.494306, -13.294583 8.495416, -13.294029 8.495694, -13.294029 8.496806, -13.294861 8.497084, -13.295417 8.497638, -13.295971 8.499028, -13.297083 8.49875, -13.297083 8.497638, -13.297361 8.497638, -13.297361 8.496528, -13.297639 8.495972, -13.298196 8.495694, -13.298471 8.49514, -13.298471 8.494028, -13.297083 8.49264, -13.296527 8.492362, -13.294861 8.492362, -13.294583 8.492918, -13.292917 8.492918, -13.292639 8.492084, -13.292083 8.492084, -13.291251 8.491249, -13.290695 8.489305, -13.290139 8.489027, -13.290139 8.488471, -13.289305 8.487917, -13.289305 8.487361, -13.288751 8.487083, -13.288751 8.486527, -13.288195 8.485973, -13.287917 8.484305, -13.287361 8.483751, -13.287361 8.482917, -13.287082 8.482917, -13.286804 8.482083, -13.286529 8.480417, -13.285973 8.479861, -13.285973 8.479029, -13.285694 8.479029, -13.285416 8.478195, -13.285416 8.47736, -13.285138 8.47736, -13.28486 8.47625, -13.284307 8.475694, -13.284307 8.47486, -13.283472 8.47375, -13.282916 8.471806, -13.28236 8.47125, -13.281528 8.468472, -13.280972 8.46764, -13.280972 8.466806, -13.280416 8.46625, -13.279862 8.464584, -13.279862 8.463471, -13.279582 8.463471, -13.279582 8.461251, -13.279028 8.459583, -13.27875 8.459583, -13.27875 8.457917, -13.278472 8.457361, -13.27875 8.456805, -13.278194 8.456527, -13.278194 8.454583, -13.27875 8.454305, -13.279028 8.453473, -13.279582 8.453473, -13.279862 8.452917, -13.280694 8.452917, -13.280694 8.451251, -13.280138 8.450973, -13.280138 8.449306, -13.279862 8.449306, -13.279862 8.447916, -13.279582 8.447916, -13.279582 8.445416, -13.279306 8.444862, -13.279582 8.444306, -13.279582 8.44264, -13.279306 8.44264, -13.279306 8.441528, -13.279862 8.440972, -13.280416 8.439306, -13.28125 8.43875, -13.28125 8.438193, -13.282084 8.437918, -13.28236 8.437362, -13.282916 8.437362, -13.28375 8.436249, -13.285973 8.436249, -13.286529 8.435971, -13.286804 8.435415, -13.289029 8.435415, -13.289583 8.435695, -13.290139 8.436527, -13.290973 8.436805, -13.292083 8.436805, -13.292083 8.437083, -13.293195 8.436805, -13.293195 8.435695, -13.292917 8.435139, -13.291805 8.434027, -13.290695 8.433473, -13.290695 8.432917, -13.290139 8.431805))",/sites/default/files/open-data/district-photos/2023-04/sl-cotton-tree.jpg,APC,APC,,Yes,FF333C